
40 X 40
	[86.0]		[83.0]		[77.0]		[83.0]		[83.0]		[79.0]		[86.0]		[77.0]		[83.0]		[80.0]		[80.0]		[21.0]		[21.0]		[21.0]		[21.0]		[21.0]		[21.0]		[21.0]		[21.0]		[21.0]		[21.0]		[21.0]		[21.0]		[21.0]		[21.0]		[21.0]		[21.0]		[21.0]		[21.0]		[21.0]		[0.0]		[0.0]		[0.0]		[0.0]		[0.0]		[0.0]		[0.0]		[0.0]		[0.0]		[0.0]	Element
	[87.0]		[79.0]		[86.0]		[79.0]		[79.0]		[81.0]		[77.0]		[85.0]		[79.0]		[89.0]		[89.0]		[24.0]		[24.0]		[24.0]		[24.0]		[24.0]		[24.0]		[24.0]		[24.0]		[24.0]		[24.0]		[24.0]		[24.0]		[24.0]		[24.0]		[24.0]		[24.0]		[24.0]		[24.0]		[24.0]		[0.0]		[0.0]		[0.0]		[0.0]		[0.0]		[0.0]		[0.0]		[0.0]		[0.0]		[0.0]	Program
	[84.0]		[86.0]		[80.0]		[85.0]		[84.0]		[77.0]		[83.0]		[80.0]		[85.0]		[80.0]		[80.0]		[15.0]		[15.0]		[15.0]		[15.0]		[16.0]		[15.0]		[15.0]		[15.0]		[15.0]		[15.0]		[15.0]		[15.0]		[15.0]		[15.0]		[15.0]		[15.0]		[15.0]		[15.0]		[15.0]		[0.0]		[0.0]		[0.0]		[0.0]		[0.0]		[0.0]		[0.0]		[0.0]		[0.0]		[0.0]	Process
	[84.0]		[88.0]		[81.0]		[87.0]		[86.0]		[77.0]		[85.0]		[80.0]		[87.0]		[80.0]		[80.0]		[15.0]		[15.0]		[15.0]		[15.0]		[15.0]		[15.0]		[15.0]		[15.0]		[15.0]		[15.0]		[15.0]		[15.0]		[15.0]		[15.0]		[15.0]		[15.0]		[15.0]		[15.0]		[15.0]		[0.0]		[0.0]		[0.0]		[0.0]		[0.0]		[0.0]		[0.0]		[0.0]		[0.0]		[0.0]	State
	[78.0]		[82.0]		[86.0]		[81.0]		[80.0]		[87.0]		[79.0]		[89.0]		[84.0]		[82.0]		[80.0]		[21.0]		[21.0]		[21.0]		[21.0]		[22.0]		[21.0]		[21.0]		[21.0]		[21.0]		[21.0]		[21.0]		[21.0]		[21.0]		[21.0]		[21.0]		[21.0]		[24.0]		[24.0]		[24.0]		[0.0]		[0.0]		[0.0]		[0.0]		[0.0]		[0.0]		[0.0]		[0.0]		[0.0]		[0.0]	Transition
	[82.0]		[80.0]		[85.0]		[80.0]		[80.0]		[82.0]		[77.0]		[86.0]		[80.0]		[89.0]		[89.0]		[24.0]		[24.0]		[24.0]		[24.0]		[24.0]		[24.0]		[24.0]		[24.0]		[24.0]		[24.0]		[24.0]		[24.0]		[24.0]		[24.0]		[24.0]		[24.0]		[24.0]		[24.0]		[24.0]		[0.0]		[0.0]		[0.0]		[0.0]		[0.0]		[0.0]		[0.0]		[0.0]		[0.0]		[0.0]	Trans
	[80.0]		[77.0]		[83.0]		[77.0]		[77.0]		[80.0]		[80.0]		[83.0]		[79.0]		[92.0]		[92.0]		[27.0]		[27.0]		[27.0]		[27.0]		[27.0]		[27.0]		[27.0]		[27.0]		[27.0]		[27.0]		[27.0]		[27.0]		[27.0]		[27.0]		[27.0]		[27.0]		[27.0]		[29.0]		[27.0]		[0.0]		[0.0]		[0.0]		[0.0]		[0.0]		[0.0]		[0.0]		[0.0]		[0.0]		[0.0]	Strans
	[82.0]		[80.0]		[85.0]		[80.0]		[80.0]		[82.0]		[77.0]		[86.0]		[80.0]		[89.0]		[89.0]		[24.0]		[24.0]		[24.0]		[24.0]		[24.0]		[24.0]		[24.0]		[24.0]		[24.0]		[24.0]		[24.0]		[24.0]		[24.0]		[24.0]		[24.0]		[24.0]		[24.0]		[24.0]		[24.0]		[0.0]		[0.0]		[0.0]		[0.0]		[0.0]		[0.0]		[0.0]		[0.0]		[0.0]		[0.0]	Transall
	[77.0]		[79.0]		[85.0]		[80.0]		[79.0]		[83.0]		[83.0]		[85.0]		[80.0]		[89.0]		[89.0]		[24.0]		[24.0]		[24.0]		[24.0]		[24.0]		[24.0]		[24.0]		[24.0]		[24.0]		[24.0]		[24.0]		[24.0]		[24.0]		[24.0]		[24.0]		[24.0]		[24.0]		[24.0]		[24.0]		[0.0]		[0.0]		[0.0]		[0.0]		[0.0]		[0.0]		[0.0]		[0.0]		[0.0]		[0.0]	Guard
	[77.0]		[78.0]		[86.0]		[79.0]		[80.0]		[82.0]		[82.0]		[94.0]		[83.0]		[89.0]		[89.0]		[24.0]		[24.0]		[24.0]		[24.0]		[25.0]		[24.0]		[24.0]		[24.0]		[24.0]		[24.0]		[24.0]		[24.0]		[24.0]		[24.0]		[24.0]		[24.0]		[32.0]		[27.0]		[30.0]		[0.0]		[0.0]		[0.0]		[0.0]		[0.0]		[0.0]		[0.0]		[0.0]		[0.0]		[0.0]	Action
	[79.0]		[81.0]		[88.0]		[82.0]		[83.0]		[84.0]		[79.0]		[89.0]		[82.0]		[86.0]		[86.0]		[21.0]		[21.0]		[21.0]		[21.0]		[21.0]		[21.0]		[21.0]		[21.0]		[21.0]		[21.0]		[21.0]		[21.0]		[21.0]		[21.0]		[21.0]		[21.0]		[21.0]		[21.0]		[21.0]		[0.0]		[0.0]		[0.0]		[0.0]		[0.0]		[0.0]		[0.0]		[0.0]		[0.0]		[0.0]	Network
	[80.0]		[81.0]		[86.0]		[82.0]		[81.0]		[86.0]		[80.0]		[87.0]		[82.0]		[86.0]		[86.0]		[21.0]		[21.0]		[21.0]		[21.0]		[21.0]		[21.0]		[21.0]		[21.0]		[21.0]		[21.0]		[21.0]		[21.0]		[21.0]		[21.0]		[21.0]		[21.0]		[21.0]		[21.0]		[21.0]		[0.0]		[0.0]		[0.0]		[0.0]		[0.0]		[0.0]		[0.0]		[0.0]		[0.0]		[0.0]	Channel
	[77.0]		[80.0]		[84.0]		[79.0]		[78.0]		[82.0]		[82.0]		[84.0]		[79.0]		[89.0]		[89.0]		[24.0]		[24.0]		[24.0]		[24.0]		[25.0]		[24.0]		[24.0]		[24.0]		[24.0]		[24.0]		[24.0]		[24.0]		[24.0]		[24.0]		[24.0]		[24.0]		[24.0]		[24.0]		[24.0]		[0.0]		[0.0]		[0.0]		[0.0]		[0.0]		[0.0]		[0.0]		[0.0]		[0.0]		[0.0]	Message
	[81.0]		[82.0]		[79.0]		[84.0]		[82.0]		[77.0]		[87.0]		[79.0]		[84.0]		[83.0]		[83.0]		[18.0]		[18.0]		[18.0]		[18.0]		[18.0]		[18.0]		[18.0]		[18.0]		[18.0]		[18.0]		[18.0]		[18.0]		[18.0]		[18.0]		[18.0]		[18.0]		[18.0]		[18.0]		[18.0]		[0.0]		[0.0]		[0.0]		[0.0]		[0.0]		[0.0]		[0.0]		[0.0]		[0.0]		[0.0]	Variable
	[21.0]		[18.0]		[24.0]		[18.0]		[18.0]		[21.0]		[21.0]		[24.0]		[18.0]		[27.0]		[27.0]		[100.0]		[100.0]		[92.0]		[100.0]		[92.0]		[92.0]		[24.0]		[24.0]		[24.0]		[24.0]		[24.0]		[24.0]		[24.0]		[24.0]		[24.0]		[24.0]		[24.0]		[24.0]		[24.0]		[0.0]		[0.0]		[0.0]		[0.0]		[0.0]		[0.0]		[0.0]		[0.0]		[0.0]		[0.0]	name
	[21.0]		[18.0]		[24.0]		[18.0]		[18.0]		[21.0]		[21.0]		[24.0]		[18.0]		[29.0]		[27.0]		[92.0]		[92.0]		[92.0]		[92.0]		[92.0]		[92.0]		[24.0]		[24.0]		[24.0]		[24.0]		[24.0]		[24.0]		[24.0]		[24.0]		[24.0]		[24.0]		[24.0]		[24.0]		[24.0]		[0.0]		[0.0]		[0.0]		[0.0]		[0.0]		[0.0]		[0.0]		[0.0]		[0.0]		[0.0]	minId
	[21.0]		[18.0]		[24.0]		[18.0]		[18.0]		[21.0]		[21.0]		[24.0]		[18.0]		[27.0]		[27.0]		[92.0]		[92.0]		[92.0]		[92.0]		[92.0]		[92.0]		[24.0]		[24.0]		[24.0]		[24.0]		[24.0]		[24.0]		[24.0]		[24.0]		[24.0]		[24.0]		[24.0]		[24.0]		[24.0]		[0.0]		[0.0]		[0.0]		[0.0]		[0.0]		[0.0]		[0.0]		[0.0]		[0.0]		[0.0]	maxId
	[21.0]		[18.0]		[24.0]		[18.0]		[18.0]		[21.0]		[21.0]		[24.0]		[21.0]		[27.0]		[27.0]		[92.0]		[92.0]		[92.0]		[92.0]		[92.0]		[92.0]		[24.0]		[24.0]		[24.0]		[24.0]		[24.0]		[24.0]		[24.0]		[24.0]		[24.0]		[24.0]		[24.0]		[27.0]		[24.0]		[0.0]		[0.0]		[0.0]		[0.0]		[0.0]		[0.0]		[0.0]		[0.0]		[0.0]		[0.0]	instancesNb
	[21.0]		[18.0]		[24.0]		[18.0]		[18.0]		[21.0]		[21.0]		[24.0]		[18.0]		[32.0]		[27.0]		[92.0]		[92.0]		[92.0]		[92.0]		[92.0]		[92.0]		[24.0]		[24.0]		[24.0]		[24.0]		[24.0]		[24.0]		[24.0]		[24.0]		[24.0]		[24.0]		[24.0]		[24.0]		[24.0]		[0.0]		[0.0]		[0.0]		[0.0]		[0.0]		[0.0]		[0.0]		[0.0]		[0.0]		[0.0]	isInitial
	[21.0]		[18.0]		[24.0]		[18.0]		[18.0]		[21.0]		[21.0]		[24.0]		[18.0]		[27.0]		[27.0]		[92.0]		[92.0]		[92.0]		[92.0]		[92.0]		[92.0]		[24.0]		[24.0]		[24.0]		[24.0]		[24.0]		[24.0]		[24.0]		[24.0]		[24.0]		[24.0]		[24.0]		[24.0]		[24.0]		[0.0]		[0.0]		[0.0]		[0.0]		[0.0]		[0.0]		[0.0]		[0.0]		[0.0]		[0.0]	type
	[21.0]		[18.0]		[24.0]		[18.0]		[18.0]		[21.0]		[21.0]		[24.0]		[18.0]		[30.0]		[27.0]		[92.0]		[92.0]		[96.0]		[92.0]		[92.0]		[96.0]		[24.0]		[24.0]		[24.0]		[24.0]		[24.0]		[24.0]		[24.0]		[24.0]		[24.0]		[24.0]		[24.0]		[24.0]		[24.0]		[0.0]		[0.0]		[0.0]		[0.0]		[0.0]		[0.0]		[0.0]		[0.0]		[0.0]		[0.0]	initValue
	[23.0]		[18.0]		[24.0]		[18.0]		[18.0]		[21.0]		[21.0]		[24.0]		[18.0]		[27.0]		[27.0]		[24.0]		[24.0]		[24.0]		[24.0]		[25.0]		[24.0]		[92.0]		[92.0]		[92.0]		[92.0]		[92.0]		[92.0]		[92.0]		[92.0]		[92.0]		[92.0]		[92.0]		[92.0]		[92.0]		[0.0]		[0.0]		[0.0]		[0.0]		[0.0]		[0.0]		[0.0]		[0.0]		[0.0]		[0.0]	processes
	[21.0]		[18.0]		[24.0]		[18.0]		[18.0]		[21.0]		[21.0]		[24.0]		[18.0]		[27.0]		[27.0]		[24.0]		[24.0]		[24.0]		[24.0]		[24.0]		[24.0]		[92.0]		[92.0]		[92.0]		[92.0]		[92.0]		[92.0]		[92.0]		[92.0]		[92.0]		[92.0]		[92.0]		[92.0]		[92.0]		[0.0]		[0.0]		[0.0]		[0.0]		[0.0]		[0.0]		[0.0]		[0.0]		[0.0]		[0.0]	networks
	[21.0]		[18.0]		[24.0]		[18.0]		[18.0]		[21.0]		[21.0]		[24.0]		[18.0]		[27.0]		[27.0]		[24.0]		[24.0]		[24.0]		[24.0]		[24.0]		[24.0]		[92.0]		[92.0]		[92.0]		[92.0]		[92.0]		[92.0]		[92.0]		[92.0]		[92.0]		[92.0]		[92.0]		[92.0]		[92.0]		[0.0]		[0.0]		[0.0]		[0.0]		[0.0]		[0.0]		[0.0]		[0.0]		[0.0]		[0.0]	states
	[21.0]		[18.0]		[24.0]		[18.0]		[18.0]		[21.0]		[21.0]		[27.0]		[21.0]		[29.0]		[27.0]		[24.0]		[24.0]		[24.0]		[24.0]		[25.0]		[24.0]		[92.0]		[92.0]		[92.0]		[92.0]		[92.0]		[92.0]		[92.0]		[92.0]		[92.0]		[92.0]		[95.0]		[95.0]		[95.0]		[0.0]		[0.0]		[0.0]		[0.0]		[0.0]		[0.0]		[0.0]		[0.0]		[0.0]		[0.0]	transitions
	[21.0]		[18.0]		[24.0]		[18.0]		[18.0]		[21.0]		[21.0]		[24.0]		[18.0]		[32.0]		[27.0]		[24.0]		[24.0]		[24.0]		[24.0]		[24.0]		[24.0]		[92.0]		[92.0]		[92.0]		[92.0]		[92.0]		[92.0]		[92.0]		[92.0]		[92.0]		[92.0]		[92.0]		[92.0]		[92.0]		[0.0]		[0.0]		[0.0]		[0.0]		[0.0]		[0.0]		[0.0]		[0.0]		[0.0]		[0.0]	initial
	[21.0]		[18.0]		[24.0]		[18.0]		[18.0]		[21.0]		[21.0]		[24.0]		[18.0]		[27.0]		[27.0]		[24.0]		[24.0]		[24.0]		[24.0]		[24.0]		[24.0]		[92.0]		[92.0]		[92.0]		[92.0]		[92.0]		[92.0]		[92.0]		[95.0]		[92.0]		[92.0]		[92.0]		[92.0]		[92.0]		[0.0]		[0.0]		[0.0]		[0.0]		[0.0]		[0.0]		[0.0]		[0.0]		[0.0]		[0.0]	variables
	[21.0]		[18.0]		[24.0]		[18.0]		[18.0]		[21.0]		[21.0]		[24.0]		[18.0]		[27.0]		[27.0]		[24.0]		[24.0]		[24.0]		[24.0]		[24.0]		[24.0]		[92.0]		[92.0]		[92.0]		[92.0]		[92.0]		[92.0]		[92.0]		[92.0]		[92.0]		[92.0]		[92.0]		[92.0]		[92.0]		[0.0]		[0.0]		[0.0]		[0.0]		[0.0]		[0.0]		[0.0]		[0.0]		[0.0]		[0.0]	connectedTo
	[21.0]		[18.0]		[24.0]		[18.0]		[18.0]		[21.0]		[21.0]		[24.0]		[18.0]		[27.0]		[27.0]		[24.0]		[24.0]		[24.0]		[24.0]		[24.0]		[24.0]		[92.0]		[92.0]		[92.0]		[92.0]		[92.0]		[92.0]		[92.0]		[92.0]		[92.0]		[92.0]		[92.0]		[92.0]		[92.0]		[0.0]		[0.0]		[0.0]		[0.0]		[0.0]		[0.0]		[0.0]		[0.0]		[0.0]		[0.0]	incoming
	[21.0]		[18.0]		[24.0]		[18.0]		[18.0]		[21.0]		[21.0]		[24.0]		[18.0]		[27.0]		[27.0]		[24.0]		[24.0]		[24.0]		[24.0]		[24.0]		[24.0]		[92.0]		[95.0]		[92.0]		[92.0]		[92.0]		[92.0]		[92.0]		[92.0]		[92.0]		[92.0]		[92.0]		[92.0]		[92.0]		[0.0]		[0.0]		[0.0]		[0.0]		[0.0]		[0.0]		[0.0]		[0.0]		[0.0]		[0.0]	outgoing
	[21.0]		[18.0]		[24.0]		[18.0]		[18.0]		[21.0]		[21.0]		[24.0]		[18.0]		[27.0]		[27.0]		[24.0]		[24.0]		[24.0]		[24.0]		[24.0]		[24.0]		[92.0]		[92.0]		[92.0]		[92.0]		[92.0]		[92.0]		[92.0]		[92.0]		[92.0]		[92.0]		[92.0]		[92.0]		[92.0]		[0.0]		[0.0]		[0.0]		[0.0]		[0.0]		[0.0]		[0.0]		[0.0]		[0.0]		[0.0]	guard
	[21.0]		[18.0]		[24.0]		[18.0]		[18.0]		[21.0]		[21.0]		[32.0]		[22.0]		[27.0]		[27.0]		[24.0]		[24.0]		[24.0]		[24.0]		[25.0]		[24.0]		[92.0]		[92.0]		[92.0]		[92.0]		[92.0]		[92.0]		[92.0]		[92.0]		[92.0]		[92.0]		[100.0]		[95.0]		[98.0]		[0.0]		[0.0]		[0.0]		[0.0]		[0.0]		[0.0]		[0.0]		[0.0]		[0.0]		[0.0]	action
	[21.0]		[18.0]		[24.0]		[18.0]		[18.0]		[21.0]		[21.0]		[24.0]		[18.0]		[27.0]		[27.0]		[24.0]		[24.0]		[24.0]		[24.0]		[24.0]		[24.0]		[92.0]		[92.0]		[92.0]		[92.0]		[92.0]		[92.0]		[92.0]		[92.0]		[92.0]		[92.0]		[92.0]		[92.0]		[92.0]		[0.0]		[0.0]		[0.0]		[0.0]		[0.0]		[0.0]		[0.0]		[0.0]		[0.0]		[0.0]	source
	[21.0]		[18.0]		[24.0]		[18.0]		[18.0]		[21.0]		[21.0]		[24.0]		[18.0]		[27.0]		[27.0]		[24.0]		[24.0]		[24.0]		[24.0]		[24.0]		[24.0]		[92.0]		[92.0]		[92.0]		[92.0]		[92.0]		[92.0]		[92.0]		[92.0]		[92.0]		[92.0]		[92.0]		[92.0]		[92.0]		[0.0]		[0.0]		[0.0]		[0.0]		[0.0]		[0.0]		[0.0]		[0.0]		[0.0]		[0.0]	target
	[21.0]		[18.0]		[24.0]		[18.0]		[18.0]		[21.0]		[21.0]		[24.0]		[18.0]		[27.0]		[27.0]		[24.0]		[24.0]		[24.0]		[24.0]		[24.0]		[24.0]		[92.0]		[92.0]		[92.0]		[92.0]		[92.0]		[92.0]		[92.0]		[92.0]		[92.0]		[92.0]		[92.0]		[92.0]		[92.0]		[0.0]		[0.0]		[0.0]		[0.0]		[0.0]		[0.0]		[0.0]		[0.0]		[0.0]		[0.0]	waitFor
	[21.0]		[18.0]		[24.0]		[18.0]		[18.0]		[21.0]		[21.0]		[24.0]		[18.0]		[27.0]		[27.0]		[24.0]		[24.0]		[24.0]		[24.0]		[24.0]		[24.0]		[92.0]		[92.0]		[92.0]		[92.0]		[92.0]		[92.0]		[92.0]		[92.0]		[92.0]		[92.0]		[92.0]		[92.0]		[92.0]		[0.0]		[0.0]		[0.0]		[0.0]		[0.0]		[0.0]		[0.0]		[0.0]		[0.0]		[0.0]	waitFor
	[21.0]		[18.0]		[24.0]		[18.0]		[18.0]		[21.0]		[21.0]		[24.0]		[18.0]		[27.0]		[27.0]		[24.0]		[24.0]		[24.0]		[24.0]		[24.0]		[24.0]		[92.0]		[92.0]		[92.0]		[92.0]		[92.0]		[92.0]		[92.0]		[92.0]		[92.0]		[92.0]		[92.0]		[92.0]		[92.0]		[0.0]		[0.0]		[0.0]		[0.0]		[0.0]		[0.0]		[0.0]		[0.0]		[0.0]		[0.0]	channels
	[21.0]		[18.0]		[24.0]		[18.0]		[18.0]		[21.0]		[21.0]		[24.0]		[18.0]		[27.0]		[27.0]		[24.0]		[24.0]		[24.0]		[24.0]		[25.0]		[24.0]		[92.0]		[92.0]		[92.0]		[92.0]		[92.0]		[92.0]		[92.0]		[92.0]		[92.0]		[92.0]		[92.0]		[92.0]		[92.0]		[0.0]		[0.0]		[0.0]		[0.0]		[0.0]		[0.0]		[0.0]		[0.0]		[0.0]		[0.0]	messages
	[21.0]		[18.0]		[24.0]		[18.0]		[18.0]		[21.0]		[21.0]		[24.0]		[18.0]		[27.0]		[27.0]		[24.0]		[24.0]		[24.0]		[24.0]		[24.0]		[24.0]		[92.0]		[92.0]		[92.0]		[92.0]		[92.0]		[92.0]		[92.0]		[92.0]		[92.0]		[92.0]		[92.0]		[92.0]		[92.0]		[0.0]		[0.0]		[0.0]		[0.0]		[0.0]		[0.0]		[0.0]		[0.0]		[0.0]		[0.0]	source
	[21.0]		[18.0]		[24.0]		[18.0]		[18.0]		[21.0]		[21.0]		[24.0]		[18.0]		[27.0]		[27.0]		[24.0]		[24.0]		[24.0]		[24.0]		[24.0]		[24.0]		[92.0]		[92.0]		[92.0]		[92.0]		[92.0]		[92.0]		[92.0]		[92.0]		[92.0]		[92.0]		[92.0]		[92.0]		[92.0]		[0.0]		[0.0]		[0.0]		[0.0]		[0.0]		[0.0]		[0.0]		[0.0]		[0.0]		[0.0]	target
	AWKProgram		File		Record		Field		Script		Rule		Pattern		Action		Instruction		InitialRule		FinalRule		name		name		value		name		regularExpression		value		input		output		script		records		r_file		fields		f_record		rules		r_script		pattern		action		instructions		i_action		slack_0		slack_1		slack_2		slack_3		slack_4		slack_5		slack_6		slack_7		slack_8		slack_9	
matching: { 
	isInitial------(92.0)----------value  
	initValue------(96.0)----------value  
	instancesNb------(92.0)----------name  
	target------(92.0)----------input  
	messages------(92.0)----------records  
	channels------(92.0)----------r_file  
	waitFor------(92.0)----------fields  
	waitFor------(92.0)----------f_record  
	source------(92.0)----------pattern  
	transitions------(95.0)----------i_action  
	variables------(95.0)----------rules  
	target------(92.0)----------r_script  
	incoming------(92.0)----------instructions  
	name------(100.0)----------name  
	minId------(92.0)----------regularExpression  
	Action------(94.0)----------Action  
	Network------(88.0)----------Record  
	Message------(0.0)----------slack_1  
	guard------(0.0)----------slack_2  
	Trans------(0.0)----------slack_3  
	initial------(0.0)----------slack_4  
	connectedTo------(0.0)----------slack_5  
	states------(0.0)----------slack_6  
	networks------(0.0)----------slack_7  
	processes------(0.0)----------slack_8  
	type------(0.0)----------slack_9  
	maxId------(92.0)----------name  
	Transall------(89.0)----------InitialRule  
	Strans------(92.0)----------FinalRule  
	Guard------(0.0)----------slack_0  
	Program------(87.0)----------AWKProgram  
	Element------(83.0)----------Script  
	State------(88.0)----------File  
	Process------(85.0)----------Field  
	Variable------(87.0)----------Pattern  
	Channel------(86.0)----------Rule  
	Transition------(84.0)----------Instruction  
	outgoing------(95.0)----------output  
	source------(92.0)----------script  
	action------(100.0)----------action  } 
Score (structural): 0,69