
87 X 87
	[85.0]		[86.0]		[88.0]		[83.0]		[83.0]		[85.0]		[80.0]		[89.0]		[83.0]		[86.0]		[86.0]		[27.0]		[27.0]		[27.0]		[27.0]		[27.0]		[27.0]		[27.0]		[27.0]		[27.0]		[27.0]		[30.0]		[27.0]		[27.0]		[27.0]		[27.0]		[27.0]		[27.0]		[27.0]		[27.0]		[0.0]		[0.0]		[0.0]		[0.0]		[0.0]		[0.0]		[0.0]		[0.0]		[0.0]		[0.0]		[0.0]		[0.0]		[0.0]		[0.0]		[0.0]		[0.0]		[0.0]		[0.0]		[0.0]		[0.0]		[0.0]		[0.0]		[0.0]		[0.0]		[0.0]		[0.0]		[0.0]		[0.0]		[0.0]		[0.0]		[0.0]		[0.0]		[0.0]		[0.0]		[0.0]		[0.0]		[0.0]		[0.0]		[0.0]		[0.0]		[0.0]		[0.0]		[0.0]		[0.0]		[0.0]		[0.0]		[0.0]		[0.0]		[0.0]		[0.0]		[0.0]		[0.0]		[0.0]		[0.0]		[0.0]		[0.0]		[0.0]	BibtexFile
	[86.0]		[89.0]		[81.0]		[88.0]		[87.0]		[79.0]		[91.0]		[81.0]		[88.0]		[80.0]		[80.0]		[21.0]		[21.0]		[21.0]		[21.0]		[21.0]		[21.0]		[21.0]		[21.0]		[21.0]		[21.0]		[21.0]		[21.0]		[21.0]		[21.0]		[21.0]		[21.0]		[21.0]		[21.0]		[21.0]		[0.0]		[0.0]		[0.0]		[0.0]		[0.0]		[0.0]		[0.0]		[0.0]		[0.0]		[0.0]		[0.0]		[0.0]		[0.0]		[0.0]		[0.0]		[0.0]		[0.0]		[0.0]		[0.0]		[0.0]		[0.0]		[0.0]		[0.0]		[0.0]		[0.0]		[0.0]		[0.0]		[0.0]		[0.0]		[0.0]		[0.0]		[0.0]		[0.0]		[0.0]		[0.0]		[0.0]		[0.0]		[0.0]		[0.0]		[0.0]		[0.0]		[0.0]		[0.0]		[0.0]		[0.0]		[0.0]		[0.0]		[0.0]		[0.0]		[0.0]		[0.0]		[0.0]		[0.0]		[0.0]		[0.0]		[0.0]		[0.0]	Author
	[81.0]		[82.0]		[79.0]		[84.0]		[82.0]		[82.0]		[87.0]		[79.0]		[84.0]		[77.0]		[77.0]		[18.0]		[18.0]		[18.0]		[18.0]		[18.0]		[18.0]		[18.0]		[18.0]		[18.0]		[18.0]		[18.0]		[18.0]		[18.0]		[18.0]		[18.0]		[18.0]		[18.0]		[18.0]		[18.0]		[0.0]		[0.0]		[0.0]		[0.0]		[0.0]		[0.0]		[0.0]		[0.0]		[0.0]		[0.0]		[0.0]		[0.0]		[0.0]		[0.0]		[0.0]		[0.0]		[0.0]		[0.0]		[0.0]		[0.0]		[0.0]		[0.0]		[0.0]		[0.0]		[0.0]		[0.0]		[0.0]		[0.0]		[0.0]		[0.0]		[0.0]		[0.0]		[0.0]		[0.0]		[0.0]		[0.0]		[0.0]		[0.0]		[0.0]		[0.0]		[0.0]		[0.0]		[0.0]		[0.0]		[0.0]		[0.0]		[0.0]		[0.0]		[0.0]		[0.0]		[0.0]		[0.0]		[0.0]		[0.0]		[0.0]		[0.0]		[0.0]	Entry
	[79.0]		[77.0]		[82.0]		[77.0]		[77.0]		[84.0]		[74.0]		[83.0]		[77.0]		[86.0]		[86.0]		[21.0]		[21.0]		[21.0]		[21.0]		[21.0]		[21.0]		[21.0]		[21.0]		[21.0]		[21.0]		[21.0]		[21.0]		[21.0]		[21.0]		[21.0]		[21.0]		[21.0]		[21.0]		[21.0]		[0.0]		[0.0]		[0.0]		[0.0]		[0.0]		[0.0]		[0.0]		[0.0]		[0.0]		[0.0]		[0.0]		[0.0]		[0.0]		[0.0]		[0.0]		[0.0]		[0.0]		[0.0]		[0.0]		[0.0]		[0.0]		[0.0]		[0.0]		[0.0]		[0.0]		[0.0]		[0.0]		[0.0]		[0.0]		[0.0]		[0.0]		[0.0]		[0.0]		[0.0]		[0.0]		[0.0]		[0.0]		[0.0]		[0.0]		[0.0]		[0.0]		[0.0]		[0.0]		[0.0]		[0.0]		[0.0]		[0.0]		[0.0]		[0.0]		[0.0]		[0.0]		[0.0]		[0.0]		[0.0]		[0.0]		[0.0]		[0.0]	AuthoredEntry
	[83.0]		[80.0]		[74.0]		[80.0]		[80.0]		[77.0]		[83.0]		[74.0]		[80.0]		[83.0]		[83.0]		[18.0]		[18.0]		[18.0]		[18.0]		[18.0]		[18.0]		[18.0]		[18.0]		[18.0]		[18.0]		[18.0]		[18.0]		[18.0]		[18.0]		[18.0]		[18.0]		[18.0]		[18.0]		[18.0]		[0.0]		[0.0]		[0.0]		[0.0]		[0.0]		[0.0]		[0.0]		[0.0]		[0.0]		[0.0]		[0.0]		[0.0]		[0.0]		[0.0]		[0.0]		[0.0]		[0.0]		[0.0]		[0.0]		[0.0]		[0.0]		[0.0]		[0.0]		[0.0]		[0.0]		[0.0]		[0.0]		[0.0]		[0.0]		[0.0]		[0.0]		[0.0]		[0.0]		[0.0]		[0.0]		[0.0]		[0.0]		[0.0]		[0.0]		[0.0]		[0.0]		[0.0]		[0.0]		[0.0]		[0.0]		[0.0]		[0.0]		[0.0]		[0.0]		[0.0]		[0.0]		[0.0]		[0.0]		[0.0]		[0.0]		[0.0]		[0.0]	BookTitledEntry
	[83.0]		[80.0]		[74.0]		[80.0]		[80.0]		[76.0]		[83.0]		[76.0]		[82.0]		[83.0]		[83.0]		[18.0]		[18.0]		[18.0]		[18.0]		[19.0]		[18.0]		[18.0]		[18.0]		[18.0]		[18.0]		[18.0]		[18.0]		[18.0]		[18.0]		[18.0]		[18.0]		[20.0]		[20.0]		[20.0]		[0.0]		[0.0]		[0.0]		[0.0]		[0.0]		[0.0]		[0.0]		[0.0]		[0.0]		[0.0]		[0.0]		[0.0]		[0.0]		[0.0]		[0.0]		[0.0]		[0.0]		[0.0]		[0.0]		[0.0]		[0.0]		[0.0]		[0.0]		[0.0]		[0.0]		[0.0]		[0.0]		[0.0]		[0.0]		[0.0]		[0.0]		[0.0]		[0.0]		[0.0]		[0.0]		[0.0]		[0.0]		[0.0]		[0.0]		[0.0]		[0.0]		[0.0]		[0.0]		[0.0]		[0.0]		[0.0]		[0.0]		[0.0]		[0.0]		[0.0]		[0.0]		[0.0]		[0.0]		[0.0]		[0.0]		[0.0]		[0.0]	InstitutionEntry
	[83.0]		[80.0]		[74.0]		[80.0]		[80.0]		[76.0]		[83.0]		[74.0]		[80.0]		[83.0]		[83.0]		[18.0]		[18.0]		[18.0]		[18.0]		[18.0]		[18.0]		[18.0]		[18.0]		[18.0]		[18.0]		[18.0]		[18.0]		[18.0]		[18.0]		[18.0]		[18.0]		[18.0]		[18.0]		[18.0]		[0.0]		[0.0]		[0.0]		[0.0]		[0.0]		[0.0]		[0.0]		[0.0]		[0.0]		[0.0]		[0.0]		[0.0]		[0.0]		[0.0]		[0.0]		[0.0]		[0.0]		[0.0]		[0.0]		[0.0]		[0.0]		[0.0]		[0.0]		[0.0]		[0.0]		[0.0]		[0.0]		[0.0]		[0.0]		[0.0]		[0.0]		[0.0]		[0.0]		[0.0]		[0.0]		[0.0]		[0.0]		[0.0]		[0.0]		[0.0]		[0.0]		[0.0]		[0.0]		[0.0]		[0.0]		[0.0]		[0.0]		[0.0]		[0.0]		[0.0]		[0.0]		[0.0]		[0.0]		[0.0]		[0.0]		[0.0]		[0.0]	EditoredEntry
	[81.0]		[78.0]		[74.0]		[78.0]		[78.0]		[76.0]		[81.0]		[74.0]		[78.0]		[83.0]		[83.0]		[18.0]		[18.0]		[18.0]		[18.0]		[18.0]		[18.0]		[18.0]		[18.0]		[18.0]		[18.0]		[18.0]		[18.0]		[18.0]		[18.0]		[18.0]		[18.0]		[18.0]		[18.0]		[18.0]		[0.0]		[0.0]		[0.0]		[0.0]		[0.0]		[0.0]		[0.0]		[0.0]		[0.0]		[0.0]		[0.0]		[0.0]		[0.0]		[0.0]		[0.0]		[0.0]		[0.0]		[0.0]		[0.0]		[0.0]		[0.0]		[0.0]		[0.0]		[0.0]		[0.0]		[0.0]		[0.0]		[0.0]		[0.0]		[0.0]		[0.0]		[0.0]		[0.0]		[0.0]		[0.0]		[0.0]		[0.0]		[0.0]		[0.0]		[0.0]		[0.0]		[0.0]		[0.0]		[0.0]		[0.0]		[0.0]		[0.0]		[0.0]		[0.0]		[0.0]		[0.0]		[0.0]		[0.0]		[0.0]		[0.0]		[0.0]		[0.0]	DatedEntry
	[83.0]		[80.0]		[74.0]		[80.0]		[80.0]		[76.0]		[83.0]		[74.0]		[80.0]		[83.0]		[85.0]		[18.0]		[18.0]		[18.0]		[18.0]		[18.0]		[18.0]		[18.0]		[18.0]		[18.0]		[18.0]		[18.0]		[18.0]		[18.0]		[18.0]		[18.0]		[18.0]		[18.0]		[18.0]		[18.0]		[0.0]		[0.0]		[0.0]		[0.0]		[0.0]		[0.0]		[0.0]		[0.0]		[0.0]		[0.0]		[0.0]		[0.0]		[0.0]		[0.0]		[0.0]		[0.0]		[0.0]		[0.0]		[0.0]		[0.0]		[0.0]		[0.0]		[0.0]		[0.0]		[0.0]		[0.0]		[0.0]		[0.0]		[0.0]		[0.0]		[0.0]		[0.0]		[0.0]		[0.0]		[0.0]		[0.0]		[0.0]		[0.0]		[0.0]		[0.0]		[0.0]		[0.0]		[0.0]		[0.0]		[0.0]		[0.0]		[0.0]		[0.0]		[0.0]		[0.0]		[0.0]		[0.0]		[0.0]		[0.0]		[0.0]		[0.0]		[0.0]	JournalEntry
	[83.0]		[80.0]		[74.0]		[80.0]		[80.0]		[76.0]		[83.0]		[74.0]		[80.0]		[83.0]		[83.0]		[18.0]		[18.0]		[18.0]		[18.0]		[18.0]		[18.0]		[18.0]		[18.0]		[18.0]		[18.0]		[18.0]		[18.0]		[18.0]		[18.0]		[18.0]		[18.0]		[18.0]		[18.0]		[18.0]		[0.0]		[0.0]		[0.0]		[0.0]		[0.0]		[0.0]		[0.0]		[0.0]		[0.0]		[0.0]		[0.0]		[0.0]		[0.0]		[0.0]		[0.0]		[0.0]		[0.0]		[0.0]		[0.0]		[0.0]		[0.0]		[0.0]		[0.0]		[0.0]		[0.0]		[0.0]		[0.0]		[0.0]		[0.0]		[0.0]		[0.0]		[0.0]		[0.0]		[0.0]		[0.0]		[0.0]		[0.0]		[0.0]		[0.0]		[0.0]		[0.0]		[0.0]		[0.0]		[0.0]		[0.0]		[0.0]		[0.0]		[0.0]		[0.0]		[0.0]		[0.0]		[0.0]		[0.0]		[0.0]		[0.0]		[0.0]		[0.0]	TitledEntry
	[83.0]		[80.0]		[74.0]		[80.0]		[80.0]		[76.0]		[83.0]		[74.0]		[80.0]		[83.0]		[83.0]		[18.0]		[18.0]		[18.0]		[18.0]		[18.0]		[18.0]		[18.0]		[18.0]		[18.0]		[18.0]		[18.0]		[18.0]		[18.0]		[18.0]		[18.0]		[18.0]		[18.0]		[18.0]		[18.0]		[0.0]		[0.0]		[0.0]		[0.0]		[0.0]		[0.0]		[0.0]		[0.0]		[0.0]		[0.0]		[0.0]		[0.0]		[0.0]		[0.0]		[0.0]		[0.0]		[0.0]		[0.0]		[0.0]		[0.0]		[0.0]		[0.0]		[0.0]		[0.0]		[0.0]		[0.0]		[0.0]		[0.0]		[0.0]		[0.0]		[0.0]		[0.0]		[0.0]		[0.0]		[0.0]		[0.0]		[0.0]		[0.0]		[0.0]		[0.0]		[0.0]		[0.0]		[0.0]		[0.0]		[0.0]		[0.0]		[0.0]		[0.0]		[0.0]		[0.0]		[0.0]		[0.0]		[0.0]		[0.0]		[0.0]		[0.0]		[0.0]	NotedEntry
	[83.0]		[80.0]		[74.0]		[80.0]		[80.0]		[76.0]		[83.0]		[74.0]		[80.0]		[83.0]		[83.0]		[18.0]		[18.0]		[18.0]		[18.0]		[18.0]		[18.0]		[18.0]		[18.0]		[18.0]		[18.0]		[18.0]		[18.0]		[18.0]		[18.0]		[18.0]		[18.0]		[18.0]		[18.0]		[18.0]		[0.0]		[0.0]		[0.0]		[0.0]		[0.0]		[0.0]		[0.0]		[0.0]		[0.0]		[0.0]		[0.0]		[0.0]		[0.0]		[0.0]		[0.0]		[0.0]		[0.0]		[0.0]		[0.0]		[0.0]		[0.0]		[0.0]		[0.0]		[0.0]		[0.0]		[0.0]		[0.0]		[0.0]		[0.0]		[0.0]		[0.0]		[0.0]		[0.0]		[0.0]		[0.0]		[0.0]		[0.0]		[0.0]		[0.0]		[0.0]		[0.0]		[0.0]		[0.0]		[0.0]		[0.0]		[0.0]		[0.0]		[0.0]		[0.0]		[0.0]		[0.0]		[0.0]		[0.0]		[0.0]		[0.0]		[0.0]		[0.0]	PublisheredEntry
	[83.0]		[80.0]		[74.0]		[80.0]		[80.0]		[76.0]		[83.0]		[74.0]		[80.0]		[83.0]		[83.0]		[18.0]		[18.0]		[18.0]		[18.0]		[18.0]		[18.0]		[18.0]		[18.0]		[18.0]		[18.0]		[18.0]		[18.0]		[18.0]		[18.0]		[18.0]		[18.0]		[18.0]		[18.0]		[18.0]		[0.0]		[0.0]		[0.0]		[0.0]		[0.0]		[0.0]		[0.0]		[0.0]		[0.0]		[0.0]		[0.0]		[0.0]		[0.0]		[0.0]		[0.0]		[0.0]		[0.0]		[0.0]		[0.0]		[0.0]		[0.0]		[0.0]		[0.0]		[0.0]		[0.0]		[0.0]		[0.0]		[0.0]		[0.0]		[0.0]		[0.0]		[0.0]		[0.0]		[0.0]		[0.0]		[0.0]		[0.0]		[0.0]		[0.0]		[0.0]		[0.0]		[0.0]		[0.0]		[0.0]		[0.0]		[0.0]		[0.0]		[0.0]		[0.0]		[0.0]		[0.0]		[0.0]		[0.0]		[0.0]		[0.0]		[0.0]		[0.0]	SchoolEntry
	[84.0]		[81.0]		[77.0]		[81.0]		[81.0]		[74.0]		[84.0]		[77.0]		[81.0]		[85.0]		[85.0]		[21.0]		[21.0]		[21.0]		[21.0]		[21.0]		[21.0]		[21.0]		[21.0]		[21.0]		[21.0]		[21.0]		[21.0]		[21.0]		[21.0]		[21.0]		[21.0]		[21.0]		[21.0]		[21.0]		[0.0]		[0.0]		[0.0]		[0.0]		[0.0]		[0.0]		[0.0]		[0.0]		[0.0]		[0.0]		[0.0]		[0.0]		[0.0]		[0.0]		[0.0]		[0.0]		[0.0]		[0.0]		[0.0]		[0.0]		[0.0]		[0.0]		[0.0]		[0.0]		[0.0]		[0.0]		[0.0]		[0.0]		[0.0]		[0.0]		[0.0]		[0.0]		[0.0]		[0.0]		[0.0]		[0.0]		[0.0]		[0.0]		[0.0]		[0.0]		[0.0]		[0.0]		[0.0]		[0.0]		[0.0]		[0.0]		[0.0]		[0.0]		[0.0]		[0.0]		[0.0]		[0.0]		[0.0]		[0.0]		[0.0]		[0.0]		[0.0]	Article
	[83.0]		[80.0]		[74.0]		[80.0]		[80.0]		[77.0]		[83.0]		[74.0]		[80.0]		[82.0]		[82.0]		[18.0]		[18.0]		[18.0]		[18.0]		[18.0]		[18.0]		[18.0]		[18.0]		[18.0]		[18.0]		[18.0]		[18.0]		[18.0]		[18.0]		[18.0]		[18.0]		[18.0]		[18.0]		[18.0]		[0.0]		[0.0]		[0.0]		[0.0]		[0.0]		[0.0]		[0.0]		[0.0]		[0.0]		[0.0]		[0.0]		[0.0]		[0.0]		[0.0]		[0.0]		[0.0]		[0.0]		[0.0]		[0.0]		[0.0]		[0.0]		[0.0]		[0.0]		[0.0]		[0.0]		[0.0]		[0.0]		[0.0]		[0.0]		[0.0]		[0.0]		[0.0]		[0.0]		[0.0]		[0.0]		[0.0]		[0.0]		[0.0]		[0.0]		[0.0]		[0.0]		[0.0]		[0.0]		[0.0]		[0.0]		[0.0]		[0.0]		[0.0]		[0.0]		[0.0]		[0.0]		[0.0]		[0.0]		[0.0]		[0.0]		[0.0]		[0.0]	Book
	[86.0]		[84.0]		[79.0]		[84.0]		[84.0]		[76.0]		[81.0]		[80.0]		[84.0]		[82.0]		[82.0]		[18.0]		[18.0]		[18.0]		[18.0]		[18.0]		[18.0]		[18.0]		[18.0]		[18.0]		[18.0]		[18.0]		[18.0]		[18.0]		[18.0]		[18.0]		[18.0]		[18.0]		[18.0]		[18.0]		[0.0]		[0.0]		[0.0]		[0.0]		[0.0]		[0.0]		[0.0]		[0.0]		[0.0]		[0.0]		[0.0]		[0.0]		[0.0]		[0.0]		[0.0]		[0.0]		[0.0]		[0.0]		[0.0]		[0.0]		[0.0]		[0.0]		[0.0]		[0.0]		[0.0]		[0.0]		[0.0]		[0.0]		[0.0]		[0.0]		[0.0]		[0.0]		[0.0]		[0.0]		[0.0]		[0.0]		[0.0]		[0.0]		[0.0]		[0.0]		[0.0]		[0.0]		[0.0]		[0.0]		[0.0]		[0.0]		[0.0]		[0.0]		[0.0]		[0.0]		[0.0]		[0.0]		[0.0]		[0.0]		[0.0]		[0.0]		[0.0]	Booklet
	[84.0]		[81.0]		[77.0]		[81.0]		[81.0]		[74.0]		[84.0]		[77.0]		[81.0]		[86.0]		[86.0]		[21.0]		[21.0]		[21.0]		[21.0]		[21.0]		[21.0]		[21.0]		[21.0]		[21.0]		[21.0]		[21.0]		[21.0]		[21.0]		[21.0]		[21.0]		[21.0]		[21.0]		[21.0]		[21.0]		[0.0]		[0.0]		[0.0]		[0.0]		[0.0]		[0.0]		[0.0]		[0.0]		[0.0]		[0.0]		[0.0]		[0.0]		[0.0]		[0.0]		[0.0]		[0.0]		[0.0]		[0.0]		[0.0]		[0.0]		[0.0]		[0.0]		[0.0]		[0.0]		[0.0]		[0.0]		[0.0]		[0.0]		[0.0]		[0.0]		[0.0]		[0.0]		[0.0]		[0.0]		[0.0]		[0.0]		[0.0]		[0.0]		[0.0]		[0.0]		[0.0]		[0.0]		[0.0]		[0.0]		[0.0]		[0.0]		[0.0]		[0.0]		[0.0]		[0.0]		[0.0]		[0.0]		[0.0]		[0.0]		[0.0]		[0.0]		[0.0]	InBook
	[84.0]		[81.0]		[77.0]		[81.0]		[81.0]		[74.0]		[84.0]		[80.0]		[84.0]		[85.0]		[85.0]		[21.0]		[21.0]		[21.0]		[21.0]		[22.0]		[21.0]		[21.0]		[21.0]		[21.0]		[21.0]		[21.0]		[21.0]		[21.0]		[21.0]		[21.0]		[21.0]		[24.0]		[24.0]		[24.0]		[0.0]		[0.0]		[0.0]		[0.0]		[0.0]		[0.0]		[0.0]		[0.0]		[0.0]		[0.0]		[0.0]		[0.0]		[0.0]		[0.0]		[0.0]		[0.0]		[0.0]		[0.0]		[0.0]		[0.0]		[0.0]		[0.0]		[0.0]		[0.0]		[0.0]		[0.0]		[0.0]		[0.0]		[0.0]		[0.0]		[0.0]		[0.0]		[0.0]		[0.0]		[0.0]		[0.0]		[0.0]		[0.0]		[0.0]		[0.0]		[0.0]		[0.0]		[0.0]		[0.0]		[0.0]		[0.0]		[0.0]		[0.0]		[0.0]		[0.0]		[0.0]		[0.0]		[0.0]		[0.0]		[0.0]		[0.0]		[0.0]	InCollection
	[84.0]		[81.0]		[77.0]		[81.0]		[81.0]		[74.0]		[84.0]		[77.0]		[81.0]		[85.0]		[85.0]		[21.0]		[21.0]		[21.0]		[21.0]		[21.0]		[21.0]		[21.0]		[21.0]		[21.0]		[21.0]		[21.0]		[21.0]		[21.0]		[21.0]		[21.0]		[21.0]		[21.0]		[21.0]		[21.0]		[0.0]		[0.0]		[0.0]		[0.0]		[0.0]		[0.0]		[0.0]		[0.0]		[0.0]		[0.0]		[0.0]		[0.0]		[0.0]		[0.0]		[0.0]		[0.0]		[0.0]		[0.0]		[0.0]		[0.0]		[0.0]		[0.0]		[0.0]		[0.0]		[0.0]		[0.0]		[0.0]		[0.0]		[0.0]		[0.0]		[0.0]		[0.0]		[0.0]		[0.0]		[0.0]		[0.0]		[0.0]		[0.0]		[0.0]		[0.0]		[0.0]		[0.0]		[0.0]		[0.0]		[0.0]		[0.0]		[0.0]		[0.0]		[0.0]		[0.0]		[0.0]		[0.0]		[0.0]		[0.0]		[0.0]		[0.0]		[0.0]	Manual
	[84.0]		[81.0]		[77.0]		[81.0]		[81.0]		[74.0]		[84.0]		[77.0]		[81.0]		[85.0]		[85.0]		[21.0]		[21.0]		[21.0]		[21.0]		[21.0]		[21.0]		[21.0]		[21.0]		[21.0]		[21.0]		[21.0]		[21.0]		[21.0]		[21.0]		[21.0]		[21.0]		[21.0]		[21.0]		[21.0]		[0.0]		[0.0]		[0.0]		[0.0]		[0.0]		[0.0]		[0.0]		[0.0]		[0.0]		[0.0]		[0.0]		[0.0]		[0.0]		[0.0]		[0.0]		[0.0]		[0.0]		[0.0]		[0.0]		[0.0]		[0.0]		[0.0]		[0.0]		[0.0]		[0.0]		[0.0]		[0.0]		[0.0]		[0.0]		[0.0]		[0.0]		[0.0]		[0.0]		[0.0]		[0.0]		[0.0]		[0.0]		[0.0]		[0.0]		[0.0]		[0.0]		[0.0]		[0.0]		[0.0]		[0.0]		[0.0]		[0.0]		[0.0]		[0.0]		[0.0]		[0.0]		[0.0]		[0.0]		[0.0]		[0.0]		[0.0]		[0.0]	TechReport
	[81.0]		[78.0]		[74.0]		[78.0]		[78.0]		[77.0]		[81.0]		[74.0]		[78.0]		[82.0]		[82.0]		[18.0]		[18.0]		[18.0]		[18.0]		[18.0]		[18.0]		[18.0]		[18.0]		[18.0]		[18.0]		[18.0]		[18.0]		[18.0]		[18.0]		[18.0]		[18.0]		[18.0]		[18.0]		[18.0]		[0.0]		[0.0]		[0.0]		[0.0]		[0.0]		[0.0]		[0.0]		[0.0]		[0.0]		[0.0]		[0.0]		[0.0]		[0.0]		[0.0]		[0.0]		[0.0]		[0.0]		[0.0]		[0.0]		[0.0]		[0.0]		[0.0]		[0.0]		[0.0]		[0.0]		[0.0]		[0.0]		[0.0]		[0.0]		[0.0]		[0.0]		[0.0]		[0.0]		[0.0]		[0.0]		[0.0]		[0.0]		[0.0]		[0.0]		[0.0]		[0.0]		[0.0]		[0.0]		[0.0]		[0.0]		[0.0]		[0.0]		[0.0]		[0.0]		[0.0]		[0.0]		[0.0]		[0.0]		[0.0]		[0.0]		[0.0]		[0.0]	ThesisEntry
	[80.0]		[77.0]		[83.0]		[77.0]		[77.0]		[80.0]		[80.0]		[83.0]		[77.0]		[92.0]		[92.0]		[27.0]		[27.0]		[27.0]		[27.0]		[27.0]		[27.0]		[27.0]		[27.0]		[27.0]		[27.0]		[27.0]		[27.0]		[27.0]		[27.0]		[27.0]		[27.0]		[27.0]		[27.0]		[27.0]		[0.0]		[0.0]		[0.0]		[0.0]		[0.0]		[0.0]		[0.0]		[0.0]		[0.0]		[0.0]		[0.0]		[0.0]		[0.0]		[0.0]		[0.0]		[0.0]		[0.0]		[0.0]		[0.0]		[0.0]		[0.0]		[0.0]		[0.0]		[0.0]		[0.0]		[0.0]		[0.0]		[0.0]		[0.0]		[0.0]		[0.0]		[0.0]		[0.0]		[0.0]		[0.0]		[0.0]		[0.0]		[0.0]		[0.0]		[0.0]		[0.0]		[0.0]		[0.0]		[0.0]		[0.0]		[0.0]		[0.0]		[0.0]		[0.0]		[0.0]		[0.0]		[0.0]		[0.0]		[0.0]		[0.0]		[0.0]		[0.0]	PhdThesis
	[80.0]		[77.0]		[83.0]		[77.0]		[77.0]		[80.0]		[82.0]		[83.0]		[77.0]		[92.0]		[92.0]		[27.0]		[27.0]		[27.0]		[27.0]		[27.0]		[27.0]		[27.0]		[27.0]		[27.0]		[27.0]		[27.0]		[27.0]		[27.0]		[27.0]		[27.0]		[29.0]		[27.0]		[27.0]		[27.0]		[0.0]		[0.0]		[0.0]		[0.0]		[0.0]		[0.0]		[0.0]		[0.0]		[0.0]		[0.0]		[0.0]		[0.0]		[0.0]		[0.0]		[0.0]		[0.0]		[0.0]		[0.0]		[0.0]		[0.0]		[0.0]		[0.0]		[0.0]		[0.0]		[0.0]		[0.0]		[0.0]		[0.0]		[0.0]		[0.0]		[0.0]		[0.0]		[0.0]		[0.0]		[0.0]		[0.0]		[0.0]		[0.0]		[0.0]		[0.0]		[0.0]		[0.0]		[0.0]		[0.0]		[0.0]		[0.0]		[0.0]		[0.0]		[0.0]		[0.0]		[0.0]		[0.0]		[0.0]		[0.0]		[0.0]		[0.0]		[0.0]	MastersThesis
	[85.0]		[80.0]		[74.0]		[80.0]		[80.0]		[76.0]		[83.0]		[74.0]		[80.0]		[82.0]		[82.0]		[18.0]		[18.0]		[18.0]		[18.0]		[18.0]		[18.0]		[18.0]		[18.0]		[18.0]		[18.0]		[18.0]		[18.0]		[18.0]		[18.0]		[18.0]		[18.0]		[18.0]		[18.0]		[18.0]		[0.0]		[0.0]		[0.0]		[0.0]		[0.0]		[0.0]		[0.0]		[0.0]		[0.0]		[0.0]		[0.0]		[0.0]		[0.0]		[0.0]		[0.0]		[0.0]		[0.0]		[0.0]		[0.0]		[0.0]		[0.0]		[0.0]		[0.0]		[0.0]		[0.0]		[0.0]		[0.0]		[0.0]		[0.0]		[0.0]		[0.0]		[0.0]		[0.0]		[0.0]		[0.0]		[0.0]		[0.0]		[0.0]		[0.0]		[0.0]		[0.0]		[0.0]		[0.0]		[0.0]		[0.0]		[0.0]		[0.0]		[0.0]		[0.0]		[0.0]		[0.0]		[0.0]		[0.0]		[0.0]		[0.0]		[0.0]		[0.0]	Proceedings
	[85.0]		[80.0]		[74.0]		[80.0]		[80.0]		[76.0]		[83.0]		[74.0]		[80.0]		[82.0]		[82.0]		[18.0]		[18.0]		[18.0]		[18.0]		[18.0]		[18.0]		[20.0]		[18.0]		[18.0]		[18.0]		[18.0]		[18.0]		[18.0]		[18.0]		[18.0]		[18.0]		[18.0]		[18.0]		[18.0]		[0.0]		[0.0]		[0.0]		[0.0]		[0.0]		[0.0]		[0.0]		[0.0]		[0.0]		[0.0]		[0.0]		[0.0]		[0.0]		[0.0]		[0.0]		[0.0]		[0.0]		[0.0]		[0.0]		[0.0]		[0.0]		[0.0]		[0.0]		[0.0]		[0.0]		[0.0]		[0.0]		[0.0]		[0.0]		[0.0]		[0.0]		[0.0]		[0.0]		[0.0]		[0.0]		[0.0]		[0.0]		[0.0]		[0.0]		[0.0]		[0.0]		[0.0]		[0.0]		[0.0]		[0.0]		[0.0]		[0.0]		[0.0]		[0.0]		[0.0]		[0.0]		[0.0]		[0.0]		[0.0]		[0.0]		[0.0]		[0.0]	InProceedings
	[80.0]		[77.0]		[83.0]		[77.0]		[77.0]		[80.0]		[80.0]		[83.0]		[77.0]		[92.0]		[92.0]		[27.0]		[27.0]		[27.0]		[27.0]		[27.0]		[27.0]		[27.0]		[27.0]		[27.0]		[27.0]		[27.0]		[27.0]		[27.0]		[27.0]		[27.0]		[27.0]		[27.0]		[27.0]		[27.0]		[0.0]		[0.0]		[0.0]		[0.0]		[0.0]		[0.0]		[0.0]		[0.0]		[0.0]		[0.0]		[0.0]		[0.0]		[0.0]		[0.0]		[0.0]		[0.0]		[0.0]		[0.0]		[0.0]		[0.0]		[0.0]		[0.0]		[0.0]		[0.0]		[0.0]		[0.0]		[0.0]		[0.0]		[0.0]		[0.0]		[0.0]		[0.0]		[0.0]		[0.0]		[0.0]		[0.0]		[0.0]		[0.0]		[0.0]		[0.0]		[0.0]		[0.0]		[0.0]		[0.0]		[0.0]		[0.0]		[0.0]		[0.0]		[0.0]		[0.0]		[0.0]		[0.0]		[0.0]		[0.0]		[0.0]		[0.0]		[0.0]	Conference
	[80.0]		[77.0]		[83.0]		[77.0]		[77.0]		[80.0]		[80.0]		[83.0]		[77.0]		[91.0]		[91.0]		[27.0]		[27.0]		[27.0]		[27.0]		[27.0]		[27.0]		[29.0]		[27.0]		[27.0]		[27.0]		[27.0]		[27.0]		[27.0]		[27.0]		[27.0]		[27.0]		[27.0]		[27.0]		[27.0]		[0.0]		[0.0]		[0.0]		[0.0]		[0.0]		[0.0]		[0.0]		[0.0]		[0.0]		[0.0]		[0.0]		[0.0]		[0.0]		[0.0]		[0.0]		[0.0]		[0.0]		[0.0]		[0.0]		[0.0]		[0.0]		[0.0]		[0.0]		[0.0]		[0.0]		[0.0]		[0.0]		[0.0]		[0.0]		[0.0]		[0.0]		[0.0]		[0.0]		[0.0]		[0.0]		[0.0]		[0.0]		[0.0]		[0.0]		[0.0]		[0.0]		[0.0]		[0.0]		[0.0]		[0.0]		[0.0]		[0.0]		[0.0]		[0.0]		[0.0]		[0.0]		[0.0]		[0.0]		[0.0]		[0.0]		[0.0]		[0.0]	Unpublished
	[86.0]		[84.0]		[79.0]		[84.0]		[84.0]		[76.0]		[81.0]		[80.0]		[84.0]		[83.0]		[83.0]		[18.0]		[18.0]		[18.0]		[18.0]		[18.0]		[18.0]		[18.0]		[18.0]		[18.0]		[18.0]		[18.0]		[18.0]		[18.0]		[18.0]		[18.0]		[18.0]		[18.0]		[18.0]		[18.0]		[0.0]		[0.0]		[0.0]		[0.0]		[0.0]		[0.0]		[0.0]		[0.0]		[0.0]		[0.0]		[0.0]		[0.0]		[0.0]		[0.0]		[0.0]		[0.0]		[0.0]		[0.0]		[0.0]		[0.0]		[0.0]		[0.0]		[0.0]		[0.0]		[0.0]		[0.0]		[0.0]		[0.0]		[0.0]		[0.0]		[0.0]		[0.0]		[0.0]		[0.0]		[0.0]		[0.0]		[0.0]		[0.0]		[0.0]		[0.0]		[0.0]		[0.0]		[0.0]		[0.0]		[0.0]		[0.0]		[0.0]		[0.0]		[0.0]		[0.0]		[0.0]		[0.0]		[0.0]		[0.0]		[0.0]		[0.0]		[0.0]	Misc
	[21.0]		[18.0]		[24.0]		[18.0]		[18.0]		[21.0]		[21.0]		[24.0]		[18.0]		[27.0]		[27.0]		[100.0]		[100.0]		[92.0]		[100.0]		[92.0]		[92.0]		[24.0]		[24.0]		[24.0]		[24.0]		[24.0]		[24.0]		[24.0]		[24.0]		[24.0]		[24.0]		[24.0]		[24.0]		[24.0]		[0.0]		[0.0]		[0.0]		[0.0]		[0.0]		[0.0]		[0.0]		[0.0]		[0.0]		[0.0]		[0.0]		[0.0]		[0.0]		[0.0]		[0.0]		[0.0]		[0.0]		[0.0]		[0.0]		[0.0]		[0.0]		[0.0]		[0.0]		[0.0]		[0.0]		[0.0]		[0.0]		[0.0]		[0.0]		[0.0]		[0.0]		[0.0]		[0.0]		[0.0]		[0.0]		[0.0]		[0.0]		[0.0]		[0.0]		[0.0]		[0.0]		[0.0]		[0.0]		[0.0]		[0.0]		[0.0]		[0.0]		[0.0]		[0.0]		[0.0]		[0.0]		[0.0]		[0.0]		[0.0]		[0.0]		[0.0]		[0.0]	name
	[21.0]		[18.0]		[24.0]		[18.0]		[18.0]		[21.0]		[21.0]		[24.0]		[18.0]		[27.0]		[27.0]		[92.0]		[92.0]		[92.0]		[92.0]		[92.0]		[92.0]		[24.0]		[24.0]		[24.0]		[24.0]		[24.0]		[24.0]		[24.0]		[24.0]		[24.0]		[24.0]		[24.0]		[24.0]		[24.0]		[0.0]		[0.0]		[0.0]		[0.0]		[0.0]		[0.0]		[0.0]		[0.0]		[0.0]		[0.0]		[0.0]		[0.0]		[0.0]		[0.0]		[0.0]		[0.0]		[0.0]		[0.0]		[0.0]		[0.0]		[0.0]		[0.0]		[0.0]		[0.0]		[0.0]		[0.0]		[0.0]		[0.0]		[0.0]		[0.0]		[0.0]		[0.0]		[0.0]		[0.0]		[0.0]		[0.0]		[0.0]		[0.0]		[0.0]		[0.0]		[0.0]		[0.0]		[0.0]		[0.0]		[0.0]		[0.0]		[0.0]		[0.0]		[0.0]		[0.0]		[0.0]		[0.0]		[0.0]		[0.0]		[0.0]		[0.0]		[0.0]	id
	[21.0]		[18.0]		[24.0]		[18.0]		[18.0]		[21.0]		[21.0]		[27.0]		[20.0]		[27.0]		[27.0]		[92.0]		[92.0]		[92.0]		[92.0]		[92.0]		[92.0]		[24.0]		[24.0]		[24.0]		[24.0]		[24.0]		[24.0]		[24.0]		[24.0]		[24.0]		[24.0]		[27.0]		[26.0]		[27.0]		[0.0]		[0.0]		[0.0]		[0.0]		[0.0]		[0.0]		[0.0]		[0.0]		[0.0]		[0.0]		[0.0]		[0.0]		[0.0]		[0.0]		[0.0]		[0.0]		[0.0]		[0.0]		[0.0]		[0.0]		[0.0]		[0.0]		[0.0]		[0.0]		[0.0]		[0.0]		[0.0]		[0.0]		[0.0]		[0.0]		[0.0]		[0.0]		[0.0]		[0.0]		[0.0]		[0.0]		[0.0]		[0.0]		[0.0]		[0.0]		[0.0]		[0.0]		[0.0]		[0.0]		[0.0]		[0.0]		[0.0]		[0.0]		[0.0]		[0.0]		[0.0]		[0.0]		[0.0]		[0.0]		[0.0]		[0.0]		[0.0]	abstract
	[21.0]		[18.0]		[24.0]		[18.0]		[18.0]		[21.0]		[21.0]		[24.0]		[18.0]		[27.0]		[27.0]		[92.0]		[92.0]		[92.0]		[92.0]		[92.0]		[92.0]		[24.0]		[24.0]		[24.0]		[24.0]		[24.0]		[24.0]		[24.0]		[24.0]		[24.0]		[24.0]		[24.0]		[24.0]		[24.0]		[0.0]		[0.0]		[0.0]		[0.0]		[0.0]		[0.0]		[0.0]		[0.0]		[0.0]		[0.0]		[0.0]		[0.0]		[0.0]		[0.0]		[0.0]		[0.0]		[0.0]		[0.0]		[0.0]		[0.0]		[0.0]		[0.0]		[0.0]		[0.0]		[0.0]		[0.0]		[0.0]		[0.0]		[0.0]		[0.0]		[0.0]		[0.0]		[0.0]		[0.0]		[0.0]		[0.0]		[0.0]		[0.0]		[0.0]		[0.0]		[0.0]		[0.0]		[0.0]		[0.0]		[0.0]		[0.0]		[0.0]		[0.0]		[0.0]		[0.0]		[0.0]		[0.0]		[0.0]		[0.0]		[0.0]		[0.0]		[0.0]	booktitle
	[21.0]		[18.0]		[24.0]		[18.0]		[18.0]		[21.0]		[21.0]		[27.0]		[21.0]		[27.0]		[27.0]		[92.0]		[92.0]		[92.0]		[92.0]		[93.0]		[92.0]		[24.0]		[24.0]		[24.0]		[24.0]		[24.0]		[24.0]		[24.0]		[24.0]		[24.0]		[24.0]		[27.0]		[27.0]		[27.0]		[0.0]		[0.0]		[0.0]		[0.0]		[0.0]		[0.0]		[0.0]		[0.0]		[0.0]		[0.0]		[0.0]		[0.0]		[0.0]		[0.0]		[0.0]		[0.0]		[0.0]		[0.0]		[0.0]		[0.0]		[0.0]		[0.0]		[0.0]		[0.0]		[0.0]		[0.0]		[0.0]		[0.0]		[0.0]		[0.0]		[0.0]		[0.0]		[0.0]		[0.0]		[0.0]		[0.0]		[0.0]		[0.0]		[0.0]		[0.0]		[0.0]		[0.0]		[0.0]		[0.0]		[0.0]		[0.0]		[0.0]		[0.0]		[0.0]		[0.0]		[0.0]		[0.0]		[0.0]		[0.0]		[0.0]		[0.0]		[0.0]	institution
	[21.0]		[18.0]		[24.0]		[18.0]		[18.0]		[21.0]		[21.0]		[24.0]		[18.0]		[27.0]		[27.0]		[92.0]		[92.0]		[92.0]		[92.0]		[92.0]		[92.0]		[24.0]		[24.0]		[24.0]		[24.0]		[24.0]		[24.0]		[24.0]		[24.0]		[24.0]		[24.0]		[24.0]		[24.0]		[24.0]		[0.0]		[0.0]		[0.0]		[0.0]		[0.0]		[0.0]		[0.0]		[0.0]		[0.0]		[0.0]		[0.0]		[0.0]		[0.0]		[0.0]		[0.0]		[0.0]		[0.0]		[0.0]		[0.0]		[0.0]		[0.0]		[0.0]		[0.0]		[0.0]		[0.0]		[0.0]		[0.0]		[0.0]		[0.0]		[0.0]		[0.0]		[0.0]		[0.0]		[0.0]		[0.0]		[0.0]		[0.0]		[0.0]		[0.0]		[0.0]		[0.0]		[0.0]		[0.0]		[0.0]		[0.0]		[0.0]		[0.0]		[0.0]		[0.0]		[0.0]		[0.0]		[0.0]		[0.0]		[0.0]		[0.0]		[0.0]		[0.0]	editor
	[21.0]		[18.0]		[24.0]		[18.0]		[18.0]		[21.0]		[21.0]		[24.0]		[18.0]		[27.0]		[27.0]		[92.0]		[92.0]		[92.0]		[92.0]		[92.0]		[92.0]		[24.0]		[24.0]		[24.0]		[24.0]		[24.0]		[24.0]		[24.0]		[24.0]		[24.0]		[24.0]		[24.0]		[24.0]		[24.0]		[0.0]		[0.0]		[0.0]		[0.0]		[0.0]		[0.0]		[0.0]		[0.0]		[0.0]		[0.0]		[0.0]		[0.0]		[0.0]		[0.0]		[0.0]		[0.0]		[0.0]		[0.0]		[0.0]		[0.0]		[0.0]		[0.0]		[0.0]		[0.0]		[0.0]		[0.0]		[0.0]		[0.0]		[0.0]		[0.0]		[0.0]		[0.0]		[0.0]		[0.0]		[0.0]		[0.0]		[0.0]		[0.0]		[0.0]		[0.0]		[0.0]		[0.0]		[0.0]		[0.0]		[0.0]		[0.0]		[0.0]		[0.0]		[0.0]		[0.0]		[0.0]		[0.0]		[0.0]		[0.0]		[0.0]		[0.0]		[0.0]	year
	[21.0]		[18.0]		[24.0]		[18.0]		[18.0]		[21.0]		[21.0]		[24.0]		[18.0]		[27.0]		[27.0]		[92.0]		[92.0]		[92.0]		[92.0]		[92.0]		[92.0]		[24.0]		[24.0]		[24.0]		[24.0]		[24.0]		[24.0]		[24.0]		[24.0]		[24.0]		[24.0]		[24.0]		[24.0]		[24.0]		[0.0]		[0.0]		[0.0]		[0.0]		[0.0]		[0.0]		[0.0]		[0.0]		[0.0]		[0.0]		[0.0]		[0.0]		[0.0]		[0.0]		[0.0]		[0.0]		[0.0]		[0.0]		[0.0]		[0.0]		[0.0]		[0.0]		[0.0]		[0.0]		[0.0]		[0.0]		[0.0]		[0.0]		[0.0]		[0.0]		[0.0]		[0.0]		[0.0]		[0.0]		[0.0]		[0.0]		[0.0]		[0.0]		[0.0]		[0.0]		[0.0]		[0.0]		[0.0]		[0.0]		[0.0]		[0.0]		[0.0]		[0.0]		[0.0]		[0.0]		[0.0]		[0.0]		[0.0]		[0.0]		[0.0]		[0.0]		[0.0]	month
	[21.0]		[18.0]		[24.0]		[18.0]		[18.0]		[21.0]		[21.0]		[24.0]		[18.0]		[27.0]		[30.0]		[92.0]		[92.0]		[92.0]		[92.0]		[92.0]		[92.0]		[24.0]		[24.0]		[24.0]		[24.0]		[24.0]		[24.0]		[24.0]		[24.0]		[24.0]		[24.0]		[24.0]		[24.0]		[24.0]		[0.0]		[0.0]		[0.0]		[0.0]		[0.0]		[0.0]		[0.0]		[0.0]		[0.0]		[0.0]		[0.0]		[0.0]		[0.0]		[0.0]		[0.0]		[0.0]		[0.0]		[0.0]		[0.0]		[0.0]		[0.0]		[0.0]		[0.0]		[0.0]		[0.0]		[0.0]		[0.0]		[0.0]		[0.0]		[0.0]		[0.0]		[0.0]		[0.0]		[0.0]		[0.0]		[0.0]		[0.0]		[0.0]		[0.0]		[0.0]		[0.0]		[0.0]		[0.0]		[0.0]		[0.0]		[0.0]		[0.0]		[0.0]		[0.0]		[0.0]		[0.0]		[0.0]		[0.0]		[0.0]		[0.0]		[0.0]		[0.0]	journal
	[21.0]		[18.0]		[24.0]		[18.0]		[18.0]		[21.0]		[21.0]		[24.0]		[18.0]		[27.0]		[27.0]		[92.0]		[92.0]		[92.0]		[92.0]		[92.0]		[92.0]		[24.0]		[24.0]		[24.0]		[24.0]		[24.0]		[24.0]		[24.0]		[24.0]		[24.0]		[24.0]		[24.0]		[24.0]		[24.0]		[0.0]		[0.0]		[0.0]		[0.0]		[0.0]		[0.0]		[0.0]		[0.0]		[0.0]		[0.0]		[0.0]		[0.0]		[0.0]		[0.0]		[0.0]		[0.0]		[0.0]		[0.0]		[0.0]		[0.0]		[0.0]		[0.0]		[0.0]		[0.0]		[0.0]		[0.0]		[0.0]		[0.0]		[0.0]		[0.0]		[0.0]		[0.0]		[0.0]		[0.0]		[0.0]		[0.0]		[0.0]		[0.0]		[0.0]		[0.0]		[0.0]		[0.0]		[0.0]		[0.0]		[0.0]		[0.0]		[0.0]		[0.0]		[0.0]		[0.0]		[0.0]		[0.0]		[0.0]		[0.0]		[0.0]		[0.0]		[0.0]	title
	[21.0]		[18.0]		[24.0]		[18.0]		[18.0]		[21.0]		[21.0]		[24.0]		[18.0]		[27.0]		[27.0]		[92.0]		[92.0]		[92.0]		[92.0]		[92.0]		[92.0]		[24.0]		[24.0]		[24.0]		[24.0]		[24.0]		[24.0]		[24.0]		[24.0]		[24.0]		[24.0]		[24.0]		[24.0]		[24.0]		[0.0]		[0.0]		[0.0]		[0.0]		[0.0]		[0.0]		[0.0]		[0.0]		[0.0]		[0.0]		[0.0]		[0.0]		[0.0]		[0.0]		[0.0]		[0.0]		[0.0]		[0.0]		[0.0]		[0.0]		[0.0]		[0.0]		[0.0]		[0.0]		[0.0]		[0.0]		[0.0]		[0.0]		[0.0]		[0.0]		[0.0]		[0.0]		[0.0]		[0.0]		[0.0]		[0.0]		[0.0]		[0.0]		[0.0]		[0.0]		[0.0]		[0.0]		[0.0]		[0.0]		[0.0]		[0.0]		[0.0]		[0.0]		[0.0]		[0.0]		[0.0]		[0.0]		[0.0]		[0.0]		[0.0]		[0.0]		[0.0]	note
	[21.0]		[18.0]		[24.0]		[18.0]		[18.0]		[21.0]		[21.0]		[24.0]		[18.0]		[27.0]		[27.0]		[92.0]		[92.0]		[92.0]		[92.0]		[92.0]		[92.0]		[24.0]		[24.0]		[24.0]		[24.0]		[24.0]		[24.0]		[24.0]		[24.0]		[24.0]		[24.0]		[24.0]		[24.0]		[24.0]		[0.0]		[0.0]		[0.0]		[0.0]		[0.0]		[0.0]		[0.0]		[0.0]		[0.0]		[0.0]		[0.0]		[0.0]		[0.0]		[0.0]		[0.0]		[0.0]		[0.0]		[0.0]		[0.0]		[0.0]		[0.0]		[0.0]		[0.0]		[0.0]		[0.0]		[0.0]		[0.0]		[0.0]		[0.0]		[0.0]		[0.0]		[0.0]		[0.0]		[0.0]		[0.0]		[0.0]		[0.0]		[0.0]		[0.0]		[0.0]		[0.0]		[0.0]		[0.0]		[0.0]		[0.0]		[0.0]		[0.0]		[0.0]		[0.0]		[0.0]		[0.0]		[0.0]		[0.0]		[0.0]		[0.0]		[0.0]		[0.0]	publisher
	[21.0]		[18.0]		[24.0]		[18.0]		[18.0]		[21.0]		[21.0]		[24.0]		[18.0]		[27.0]		[27.0]		[92.0]		[92.0]		[92.0]		[92.0]		[92.0]		[92.0]		[24.0]		[24.0]		[24.0]		[24.0]		[24.0]		[24.0]		[24.0]		[24.0]		[24.0]		[24.0]		[24.0]		[24.0]		[24.0]		[0.0]		[0.0]		[0.0]		[0.0]		[0.0]		[0.0]		[0.0]		[0.0]		[0.0]		[0.0]		[0.0]		[0.0]		[0.0]		[0.0]		[0.0]		[0.0]		[0.0]		[0.0]		[0.0]		[0.0]		[0.0]		[0.0]		[0.0]		[0.0]		[0.0]		[0.0]		[0.0]		[0.0]		[0.0]		[0.0]		[0.0]		[0.0]		[0.0]		[0.0]		[0.0]		[0.0]		[0.0]		[0.0]		[0.0]		[0.0]		[0.0]		[0.0]		[0.0]		[0.0]		[0.0]		[0.0]		[0.0]		[0.0]		[0.0]		[0.0]		[0.0]		[0.0]		[0.0]		[0.0]		[0.0]		[0.0]		[0.0]	school
	[21.0]		[18.0]		[24.0]		[18.0]		[18.0]		[21.0]		[21.0]		[24.0]		[18.0]		[27.0]		[27.0]		[92.0]		[92.0]		[92.0]		[92.0]		[92.0]		[92.0]		[24.0]		[24.0]		[24.0]		[24.0]		[24.0]		[24.0]		[24.0]		[24.0]		[24.0]		[24.0]		[24.0]		[24.0]		[24.0]		[0.0]		[0.0]		[0.0]		[0.0]		[0.0]		[0.0]		[0.0]		[0.0]		[0.0]		[0.0]		[0.0]		[0.0]		[0.0]		[0.0]		[0.0]		[0.0]		[0.0]		[0.0]		[0.0]		[0.0]		[0.0]		[0.0]		[0.0]		[0.0]		[0.0]		[0.0]		[0.0]		[0.0]		[0.0]		[0.0]		[0.0]		[0.0]		[0.0]		[0.0]		[0.0]		[0.0]		[0.0]		[0.0]		[0.0]		[0.0]		[0.0]		[0.0]		[0.0]		[0.0]		[0.0]		[0.0]		[0.0]		[0.0]		[0.0]		[0.0]		[0.0]		[0.0]		[0.0]		[0.0]		[0.0]		[0.0]		[0.0]	volume
	[21.0]		[18.0]		[24.0]		[18.0]		[18.0]		[21.0]		[21.0]		[24.0]		[18.0]		[27.0]		[27.0]		[92.0]		[92.0]		[92.0]		[92.0]		[92.0]		[92.0]		[24.0]		[24.0]		[24.0]		[24.0]		[24.0]		[24.0]		[24.0]		[24.0]		[24.0]		[24.0]		[24.0]		[24.0]		[24.0]		[0.0]		[0.0]		[0.0]		[0.0]		[0.0]		[0.0]		[0.0]		[0.0]		[0.0]		[0.0]		[0.0]		[0.0]		[0.0]		[0.0]		[0.0]		[0.0]		[0.0]		[0.0]		[0.0]		[0.0]		[0.0]		[0.0]		[0.0]		[0.0]		[0.0]		[0.0]		[0.0]		[0.0]		[0.0]		[0.0]		[0.0]		[0.0]		[0.0]		[0.0]		[0.0]		[0.0]		[0.0]		[0.0]		[0.0]		[0.0]		[0.0]		[0.0]		[0.0]		[0.0]		[0.0]		[0.0]		[0.0]		[0.0]		[0.0]		[0.0]		[0.0]		[0.0]		[0.0]		[0.0]		[0.0]		[0.0]		[0.0]	number
	[21.0]		[18.0]		[24.0]		[18.0]		[18.0]		[21.0]		[21.0]		[24.0]		[18.0]		[27.0]		[27.0]		[92.0]		[92.0]		[92.0]		[92.0]		[92.0]		[92.0]		[24.0]		[24.0]		[24.0]		[24.0]		[24.0]		[24.0]		[24.0]		[24.0]		[24.0]		[24.0]		[24.0]		[24.0]		[24.0]		[0.0]		[0.0]		[0.0]		[0.0]		[0.0]		[0.0]		[0.0]		[0.0]		[0.0]		[0.0]		[0.0]		[0.0]		[0.0]		[0.0]		[0.0]		[0.0]		[0.0]		[0.0]		[0.0]		[0.0]		[0.0]		[0.0]		[0.0]		[0.0]		[0.0]		[0.0]		[0.0]		[0.0]		[0.0]		[0.0]		[0.0]		[0.0]		[0.0]		[0.0]		[0.0]		[0.0]		[0.0]		[0.0]		[0.0]		[0.0]		[0.0]		[0.0]		[0.0]		[0.0]		[0.0]		[0.0]		[0.0]		[0.0]		[0.0]		[0.0]		[0.0]		[0.0]		[0.0]		[0.0]		[0.0]		[0.0]		[0.0]	pages
	[21.0]		[18.0]		[24.0]		[18.0]		[18.0]		[21.0]		[21.0]		[24.0]		[18.0]		[27.0]		[27.0]		[92.0]		[92.0]		[92.0]		[92.0]		[92.0]		[92.0]		[24.0]		[24.0]		[24.0]		[24.0]		[24.0]		[24.0]		[24.0]		[24.0]		[24.0]		[24.0]		[24.0]		[24.0]		[24.0]		[0.0]		[0.0]		[0.0]		[0.0]		[0.0]		[0.0]		[0.0]		[0.0]		[0.0]		[0.0]		[0.0]		[0.0]		[0.0]		[0.0]		[0.0]		[0.0]		[0.0]		[0.0]		[0.0]		[0.0]		[0.0]		[0.0]		[0.0]		[0.0]		[0.0]		[0.0]		[0.0]		[0.0]		[0.0]		[0.0]		[0.0]		[0.0]		[0.0]		[0.0]		[0.0]		[0.0]		[0.0]		[0.0]		[0.0]		[0.0]		[0.0]		[0.0]		[0.0]		[0.0]		[0.0]		[0.0]		[0.0]		[0.0]		[0.0]		[0.0]		[0.0]		[0.0]		[0.0]		[0.0]		[0.0]		[0.0]		[0.0]	note
	[21.0]		[18.0]		[24.0]		[18.0]		[18.0]		[21.0]		[21.0]		[24.0]		[18.0]		[27.0]		[27.0]		[92.0]		[92.0]		[92.0]		[92.0]		[92.0]		[92.0]		[24.0]		[24.0]		[24.0]		[24.0]		[24.0]		[24.0]		[24.0]		[24.0]		[24.0]		[24.0]		[24.0]		[24.0]		[24.0]		[0.0]		[0.0]		[0.0]		[0.0]		[0.0]		[0.0]		[0.0]		[0.0]		[0.0]		[0.0]		[0.0]		[0.0]		[0.0]		[0.0]		[0.0]		[0.0]		[0.0]		[0.0]		[0.0]		[0.0]		[0.0]		[0.0]		[0.0]		[0.0]		[0.0]		[0.0]		[0.0]		[0.0]		[0.0]		[0.0]		[0.0]		[0.0]		[0.0]		[0.0]		[0.0]		[0.0]		[0.0]		[0.0]		[0.0]		[0.0]		[0.0]		[0.0]		[0.0]		[0.0]		[0.0]		[0.0]		[0.0]		[0.0]		[0.0]		[0.0]		[0.0]		[0.0]		[0.0]		[0.0]		[0.0]		[0.0]		[0.0]	volume
	[21.0]		[18.0]		[24.0]		[18.0]		[18.0]		[21.0]		[21.0]		[24.0]		[18.0]		[27.0]		[27.0]		[92.0]		[92.0]		[92.0]		[92.0]		[92.0]		[92.0]		[24.0]		[24.0]		[24.0]		[24.0]		[24.0]		[24.0]		[24.0]		[24.0]		[24.0]		[24.0]		[24.0]		[24.0]		[24.0]		[0.0]		[0.0]		[0.0]		[0.0]		[0.0]		[0.0]		[0.0]		[0.0]		[0.0]		[0.0]		[0.0]		[0.0]		[0.0]		[0.0]		[0.0]		[0.0]		[0.0]		[0.0]		[0.0]		[0.0]		[0.0]		[0.0]		[0.0]		[0.0]		[0.0]		[0.0]		[0.0]		[0.0]		[0.0]		[0.0]		[0.0]		[0.0]		[0.0]		[0.0]		[0.0]		[0.0]		[0.0]		[0.0]		[0.0]		[0.0]		[0.0]		[0.0]		[0.0]		[0.0]		[0.0]		[0.0]		[0.0]		[0.0]		[0.0]		[0.0]		[0.0]		[0.0]		[0.0]		[0.0]		[0.0]		[0.0]		[0.0]	number
	[21.0]		[18.0]		[24.0]		[18.0]		[18.0]		[21.0]		[21.0]		[24.0]		[18.0]		[27.0]		[27.0]		[92.0]		[92.0]		[92.0]		[92.0]		[92.0]		[92.0]		[24.0]		[24.0]		[24.0]		[24.0]		[24.0]		[24.0]		[24.0]		[24.0]		[24.0]		[24.0]		[24.0]		[24.0]		[24.0]		[0.0]		[0.0]		[0.0]		[0.0]		[0.0]		[0.0]		[0.0]		[0.0]		[0.0]		[0.0]		[0.0]		[0.0]		[0.0]		[0.0]		[0.0]		[0.0]		[0.0]		[0.0]		[0.0]		[0.0]		[0.0]		[0.0]		[0.0]		[0.0]		[0.0]		[0.0]		[0.0]		[0.0]		[0.0]		[0.0]		[0.0]		[0.0]		[0.0]		[0.0]		[0.0]		[0.0]		[0.0]		[0.0]		[0.0]		[0.0]		[0.0]		[0.0]		[0.0]		[0.0]		[0.0]		[0.0]		[0.0]		[0.0]		[0.0]		[0.0]		[0.0]		[0.0]		[0.0]		[0.0]		[0.0]		[0.0]		[0.0]	series
	[21.0]		[18.0]		[24.0]		[18.0]		[18.0]		[21.0]		[21.0]		[24.0]		[18.0]		[27.0]		[27.0]		[92.0]		[92.0]		[92.0]		[92.0]		[94.0]		[92.0]		[24.0]		[24.0]		[24.0]		[24.0]		[24.0]		[24.0]		[24.0]		[24.0]		[24.0]		[24.0]		[24.0]		[24.0]		[24.0]		[0.0]		[0.0]		[0.0]		[0.0]		[0.0]		[0.0]		[0.0]		[0.0]		[0.0]		[0.0]		[0.0]		[0.0]		[0.0]		[0.0]		[0.0]		[0.0]		[0.0]		[0.0]		[0.0]		[0.0]		[0.0]		[0.0]		[0.0]		[0.0]		[0.0]		[0.0]		[0.0]		[0.0]		[0.0]		[0.0]		[0.0]		[0.0]		[0.0]		[0.0]		[0.0]		[0.0]		[0.0]		[0.0]		[0.0]		[0.0]		[0.0]		[0.0]		[0.0]		[0.0]		[0.0]		[0.0]		[0.0]		[0.0]		[0.0]		[0.0]		[0.0]		[0.0]		[0.0]		[0.0]		[0.0]		[0.0]		[0.0]	address
	[21.0]		[18.0]		[24.0]		[18.0]		[18.0]		[21.0]		[21.0]		[29.0]		[21.0]		[29.0]		[27.0]		[92.0]		[92.0]		[92.0]		[92.0]		[93.0]		[92.0]		[24.0]		[24.0]		[24.0]		[24.0]		[24.0]		[24.0]		[24.0]		[24.0]		[24.0]		[24.0]		[29.0]		[27.0]		[28.0]		[0.0]		[0.0]		[0.0]		[0.0]		[0.0]		[0.0]		[0.0]		[0.0]		[0.0]		[0.0]		[0.0]		[0.0]		[0.0]		[0.0]		[0.0]		[0.0]		[0.0]		[0.0]		[0.0]		[0.0]		[0.0]		[0.0]		[0.0]		[0.0]		[0.0]		[0.0]		[0.0]		[0.0]		[0.0]		[0.0]		[0.0]		[0.0]		[0.0]		[0.0]		[0.0]		[0.0]		[0.0]		[0.0]		[0.0]		[0.0]		[0.0]		[0.0]		[0.0]		[0.0]		[0.0]		[0.0]		[0.0]		[0.0]		[0.0]		[0.0]		[0.0]		[0.0]		[0.0]		[0.0]		[0.0]		[0.0]		[0.0]	edition
	[21.0]		[18.0]		[24.0]		[18.0]		[18.0]		[21.0]		[21.0]		[24.0]		[18.0]		[27.0]		[27.0]		[92.0]		[92.0]		[92.0]		[92.0]		[92.0]		[92.0]		[24.0]		[24.0]		[24.0]		[24.0]		[24.0]		[24.0]		[24.0]		[24.0]		[24.0]		[24.0]		[24.0]		[24.0]		[24.0]		[0.0]		[0.0]		[0.0]		[0.0]		[0.0]		[0.0]		[0.0]		[0.0]		[0.0]		[0.0]		[0.0]		[0.0]		[0.0]		[0.0]		[0.0]		[0.0]		[0.0]		[0.0]		[0.0]		[0.0]		[0.0]		[0.0]		[0.0]		[0.0]		[0.0]		[0.0]		[0.0]		[0.0]		[0.0]		[0.0]		[0.0]		[0.0]		[0.0]		[0.0]		[0.0]		[0.0]		[0.0]		[0.0]		[0.0]		[0.0]		[0.0]		[0.0]		[0.0]		[0.0]		[0.0]		[0.0]		[0.0]		[0.0]		[0.0]		[0.0]		[0.0]		[0.0]		[0.0]		[0.0]		[0.0]		[0.0]		[0.0]	note
	[21.0]		[18.0]		[24.0]		[18.0]		[18.0]		[21.0]		[21.0]		[24.0]		[18.0]		[27.0]		[27.0]		[92.0]		[92.0]		[92.0]		[92.0]		[92.0]		[92.0]		[24.0]		[24.0]		[24.0]		[24.0]		[24.0]		[24.0]		[24.0]		[24.0]		[24.0]		[24.0]		[24.0]		[24.0]		[24.0]		[0.0]		[0.0]		[0.0]		[0.0]		[0.0]		[0.0]		[0.0]		[0.0]		[0.0]		[0.0]		[0.0]		[0.0]		[0.0]		[0.0]		[0.0]		[0.0]		[0.0]		[0.0]		[0.0]		[0.0]		[0.0]		[0.0]		[0.0]		[0.0]		[0.0]		[0.0]		[0.0]		[0.0]		[0.0]		[0.0]		[0.0]		[0.0]		[0.0]		[0.0]		[0.0]		[0.0]		[0.0]		[0.0]		[0.0]		[0.0]		[0.0]		[0.0]		[0.0]		[0.0]		[0.0]		[0.0]		[0.0]		[0.0]		[0.0]		[0.0]		[0.0]		[0.0]		[0.0]		[0.0]		[0.0]		[0.0]		[0.0]	howpublished
	[21.0]		[18.0]		[24.0]		[18.0]		[18.0]		[21.0]		[21.0]		[24.0]		[18.0]		[27.0]		[27.0]		[92.0]		[92.0]		[92.0]		[92.0]		[94.0]		[92.0]		[24.0]		[24.0]		[24.0]		[24.0]		[24.0]		[24.0]		[24.0]		[24.0]		[24.0]		[24.0]		[24.0]		[24.0]		[24.0]		[0.0]		[0.0]		[0.0]		[0.0]		[0.0]		[0.0]		[0.0]		[0.0]		[0.0]		[0.0]		[0.0]		[0.0]		[0.0]		[0.0]		[0.0]		[0.0]		[0.0]		[0.0]		[0.0]		[0.0]		[0.0]		[0.0]		[0.0]		[0.0]		[0.0]		[0.0]		[0.0]		[0.0]		[0.0]		[0.0]		[0.0]		[0.0]		[0.0]		[0.0]		[0.0]		[0.0]		[0.0]		[0.0]		[0.0]		[0.0]		[0.0]		[0.0]		[0.0]		[0.0]		[0.0]		[0.0]		[0.0]		[0.0]		[0.0]		[0.0]		[0.0]		[0.0]		[0.0]		[0.0]		[0.0]		[0.0]		[0.0]	address
	[21.0]		[18.0]		[24.0]		[18.0]		[18.0]		[21.0]		[21.0]		[24.0]		[18.0]		[27.0]		[27.0]		[92.0]		[92.0]		[92.0]		[92.0]		[92.0]		[92.0]		[24.0]		[24.0]		[24.0]		[24.0]		[24.0]		[24.0]		[24.0]		[24.0]		[24.0]		[24.0]		[24.0]		[24.0]		[24.0]		[0.0]		[0.0]		[0.0]		[0.0]		[0.0]		[0.0]		[0.0]		[0.0]		[0.0]		[0.0]		[0.0]		[0.0]		[0.0]		[0.0]		[0.0]		[0.0]		[0.0]		[0.0]		[0.0]		[0.0]		[0.0]		[0.0]		[0.0]		[0.0]		[0.0]		[0.0]		[0.0]		[0.0]		[0.0]		[0.0]		[0.0]		[0.0]		[0.0]		[0.0]		[0.0]		[0.0]		[0.0]		[0.0]		[0.0]		[0.0]		[0.0]		[0.0]		[0.0]		[0.0]		[0.0]		[0.0]		[0.0]		[0.0]		[0.0]		[0.0]		[0.0]		[0.0]		[0.0]		[0.0]		[0.0]		[0.0]		[0.0]	note
	[21.0]		[18.0]		[24.0]		[18.0]		[18.0]		[21.0]		[24.0]		[24.0]		[18.0]		[27.0]		[27.0]		[92.0]		[92.0]		[92.0]		[92.0]		[92.0]		[92.0]		[24.0]		[24.0]		[24.0]		[24.0]		[24.0]		[24.0]		[24.0]		[24.0]		[24.0]		[27.0]		[24.0]		[24.0]		[24.0]		[0.0]		[0.0]		[0.0]		[0.0]		[0.0]		[0.0]		[0.0]		[0.0]		[0.0]		[0.0]		[0.0]		[0.0]		[0.0]		[0.0]		[0.0]		[0.0]		[0.0]		[0.0]		[0.0]		[0.0]		[0.0]		[0.0]		[0.0]		[0.0]		[0.0]		[0.0]		[0.0]		[0.0]		[0.0]		[0.0]		[0.0]		[0.0]		[0.0]		[0.0]		[0.0]		[0.0]		[0.0]		[0.0]		[0.0]		[0.0]		[0.0]		[0.0]		[0.0]		[0.0]		[0.0]		[0.0]		[0.0]		[0.0]		[0.0]		[0.0]		[0.0]		[0.0]		[0.0]		[0.0]		[0.0]		[0.0]		[0.0]	chapter
	[21.0]		[18.0]		[24.0]		[18.0]		[18.0]		[21.0]		[21.0]		[24.0]		[18.0]		[27.0]		[27.0]		[92.0]		[92.0]		[92.0]		[92.0]		[92.0]		[92.0]		[24.0]		[24.0]		[24.0]		[24.0]		[24.0]		[24.0]		[24.0]		[24.0]		[24.0]		[24.0]		[24.0]		[24.0]		[24.0]		[0.0]		[0.0]		[0.0]		[0.0]		[0.0]		[0.0]		[0.0]		[0.0]		[0.0]		[0.0]		[0.0]		[0.0]		[0.0]		[0.0]		[0.0]		[0.0]		[0.0]		[0.0]		[0.0]		[0.0]		[0.0]		[0.0]		[0.0]		[0.0]		[0.0]		[0.0]		[0.0]		[0.0]		[0.0]		[0.0]		[0.0]		[0.0]		[0.0]		[0.0]		[0.0]		[0.0]		[0.0]		[0.0]		[0.0]		[0.0]		[0.0]		[0.0]		[0.0]		[0.0]		[0.0]		[0.0]		[0.0]		[0.0]		[0.0]		[0.0]		[0.0]		[0.0]		[0.0]		[0.0]		[0.0]		[0.0]		[0.0]	type
	[21.0]		[18.0]		[24.0]		[18.0]		[18.0]		[21.0]		[24.0]		[24.0]		[18.0]		[27.0]		[27.0]		[92.0]		[92.0]		[92.0]		[92.0]		[92.0]		[92.0]		[24.0]		[24.0]		[24.0]		[24.0]		[24.0]		[24.0]		[24.0]		[24.0]		[24.0]		[27.0]		[24.0]		[24.0]		[24.0]		[0.0]		[0.0]		[0.0]		[0.0]		[0.0]		[0.0]		[0.0]		[0.0]		[0.0]		[0.0]		[0.0]		[0.0]		[0.0]		[0.0]		[0.0]		[0.0]		[0.0]		[0.0]		[0.0]		[0.0]		[0.0]		[0.0]		[0.0]		[0.0]		[0.0]		[0.0]		[0.0]		[0.0]		[0.0]		[0.0]		[0.0]		[0.0]		[0.0]		[0.0]		[0.0]		[0.0]		[0.0]		[0.0]		[0.0]		[0.0]		[0.0]		[0.0]		[0.0]		[0.0]		[0.0]		[0.0]		[0.0]		[0.0]		[0.0]		[0.0]		[0.0]		[0.0]		[0.0]		[0.0]		[0.0]		[0.0]		[0.0]	chapter
	[21.0]		[18.0]		[24.0]		[18.0]		[18.0]		[21.0]		[21.0]		[24.0]		[18.0]		[27.0]		[27.0]		[92.0]		[92.0]		[92.0]		[92.0]		[92.0]		[92.0]		[24.0]		[24.0]		[24.0]		[24.0]		[24.0]		[24.0]		[24.0]		[24.0]		[24.0]		[24.0]		[24.0]		[24.0]		[24.0]		[0.0]		[0.0]		[0.0]		[0.0]		[0.0]		[0.0]		[0.0]		[0.0]		[0.0]		[0.0]		[0.0]		[0.0]		[0.0]		[0.0]		[0.0]		[0.0]		[0.0]		[0.0]		[0.0]		[0.0]		[0.0]		[0.0]		[0.0]		[0.0]		[0.0]		[0.0]		[0.0]		[0.0]		[0.0]		[0.0]		[0.0]		[0.0]		[0.0]		[0.0]		[0.0]		[0.0]		[0.0]		[0.0]		[0.0]		[0.0]		[0.0]		[0.0]		[0.0]		[0.0]		[0.0]		[0.0]		[0.0]		[0.0]		[0.0]		[0.0]		[0.0]		[0.0]		[0.0]		[0.0]		[0.0]		[0.0]		[0.0]	type
	[21.0]		[18.0]		[24.0]		[18.0]		[18.0]		[21.0]		[21.0]		[27.0]		[21.0]		[27.0]		[27.0]		[92.0]		[92.0]		[92.0]		[92.0]		[93.0]		[92.0]		[24.0]		[24.0]		[24.0]		[24.0]		[24.0]		[24.0]		[24.0]		[24.0]		[24.0]		[24.0]		[27.0]		[27.0]		[27.0]		[0.0]		[0.0]		[0.0]		[0.0]		[0.0]		[0.0]		[0.0]		[0.0]		[0.0]		[0.0]		[0.0]		[0.0]		[0.0]		[0.0]		[0.0]		[0.0]		[0.0]		[0.0]		[0.0]		[0.0]		[0.0]		[0.0]		[0.0]		[0.0]		[0.0]		[0.0]		[0.0]		[0.0]		[0.0]		[0.0]		[0.0]		[0.0]		[0.0]		[0.0]		[0.0]		[0.0]		[0.0]		[0.0]		[0.0]		[0.0]		[0.0]		[0.0]		[0.0]		[0.0]		[0.0]		[0.0]		[0.0]		[0.0]		[0.0]		[0.0]		[0.0]		[0.0]		[0.0]		[0.0]		[0.0]		[0.0]		[0.0]	organization
	[21.0]		[18.0]		[24.0]		[18.0]		[18.0]		[21.0]		[21.0]		[24.0]		[18.0]		[27.0]		[27.0]		[92.0]		[92.0]		[92.0]		[92.0]		[94.0]		[92.0]		[24.0]		[24.0]		[24.0]		[24.0]		[24.0]		[24.0]		[24.0]		[24.0]		[24.0]		[24.0]		[24.0]		[24.0]		[24.0]		[0.0]		[0.0]		[0.0]		[0.0]		[0.0]		[0.0]		[0.0]		[0.0]		[0.0]		[0.0]		[0.0]		[0.0]		[0.0]		[0.0]		[0.0]		[0.0]		[0.0]		[0.0]		[0.0]		[0.0]		[0.0]		[0.0]		[0.0]		[0.0]		[0.0]		[0.0]		[0.0]		[0.0]		[0.0]		[0.0]		[0.0]		[0.0]		[0.0]		[0.0]		[0.0]		[0.0]		[0.0]		[0.0]		[0.0]		[0.0]		[0.0]		[0.0]		[0.0]		[0.0]		[0.0]		[0.0]		[0.0]		[0.0]		[0.0]		[0.0]		[0.0]		[0.0]		[0.0]		[0.0]		[0.0]		[0.0]		[0.0]	address
	[21.0]		[18.0]		[24.0]		[18.0]		[18.0]		[21.0]		[21.0]		[29.0]		[21.0]		[29.0]		[27.0]		[92.0]		[92.0]		[92.0]		[92.0]		[93.0]		[92.0]		[24.0]		[24.0]		[24.0]		[24.0]		[24.0]		[24.0]		[24.0]		[24.0]		[24.0]		[24.0]		[29.0]		[27.0]		[28.0]		[0.0]		[0.0]		[0.0]		[0.0]		[0.0]		[0.0]		[0.0]		[0.0]		[0.0]		[0.0]		[0.0]		[0.0]		[0.0]		[0.0]		[0.0]		[0.0]		[0.0]		[0.0]		[0.0]		[0.0]		[0.0]		[0.0]		[0.0]		[0.0]		[0.0]		[0.0]		[0.0]		[0.0]		[0.0]		[0.0]		[0.0]		[0.0]		[0.0]		[0.0]		[0.0]		[0.0]		[0.0]		[0.0]		[0.0]		[0.0]		[0.0]		[0.0]		[0.0]		[0.0]		[0.0]		[0.0]		[0.0]		[0.0]		[0.0]		[0.0]		[0.0]		[0.0]		[0.0]		[0.0]		[0.0]		[0.0]		[0.0]	edition
	[21.0]		[18.0]		[24.0]		[18.0]		[18.0]		[21.0]		[21.0]		[24.0]		[18.0]		[27.0]		[27.0]		[92.0]		[92.0]		[92.0]		[92.0]		[92.0]		[92.0]		[24.0]		[24.0]		[24.0]		[24.0]		[24.0]		[24.0]		[24.0]		[24.0]		[24.0]		[24.0]		[24.0]		[24.0]		[24.0]		[0.0]		[0.0]		[0.0]		[0.0]		[0.0]		[0.0]		[0.0]		[0.0]		[0.0]		[0.0]		[0.0]		[0.0]		[0.0]		[0.0]		[0.0]		[0.0]		[0.0]		[0.0]		[0.0]		[0.0]		[0.0]		[0.0]		[0.0]		[0.0]		[0.0]		[0.0]		[0.0]		[0.0]		[0.0]		[0.0]		[0.0]		[0.0]		[0.0]		[0.0]		[0.0]		[0.0]		[0.0]		[0.0]		[0.0]		[0.0]		[0.0]		[0.0]		[0.0]		[0.0]		[0.0]		[0.0]		[0.0]		[0.0]		[0.0]		[0.0]		[0.0]		[0.0]		[0.0]		[0.0]		[0.0]		[0.0]		[0.0]	note
	[21.0]		[18.0]		[24.0]		[18.0]		[18.0]		[21.0]		[21.0]		[24.0]		[18.0]		[27.0]		[27.0]		[92.0]		[92.0]		[92.0]		[92.0]		[92.0]		[92.0]		[24.0]		[24.0]		[24.0]		[24.0]		[24.0]		[24.0]		[24.0]		[24.0]		[24.0]		[24.0]		[24.0]		[24.0]		[24.0]		[0.0]		[0.0]		[0.0]		[0.0]		[0.0]		[0.0]		[0.0]		[0.0]		[0.0]		[0.0]		[0.0]		[0.0]		[0.0]		[0.0]		[0.0]		[0.0]		[0.0]		[0.0]		[0.0]		[0.0]		[0.0]		[0.0]		[0.0]		[0.0]		[0.0]		[0.0]		[0.0]		[0.0]		[0.0]		[0.0]		[0.0]		[0.0]		[0.0]		[0.0]		[0.0]		[0.0]		[0.0]		[0.0]		[0.0]		[0.0]		[0.0]		[0.0]		[0.0]		[0.0]		[0.0]		[0.0]		[0.0]		[0.0]		[0.0]		[0.0]		[0.0]		[0.0]		[0.0]		[0.0]		[0.0]		[0.0]		[0.0]	type
	[21.0]		[18.0]		[24.0]		[18.0]		[18.0]		[21.0]		[21.0]		[24.0]		[18.0]		[27.0]		[27.0]		[92.0]		[92.0]		[92.0]		[92.0]		[92.0]		[92.0]		[24.0]		[24.0]		[24.0]		[24.0]		[24.0]		[24.0]		[24.0]		[24.0]		[24.0]		[24.0]		[24.0]		[24.0]		[24.0]		[0.0]		[0.0]		[0.0]		[0.0]		[0.0]		[0.0]		[0.0]		[0.0]		[0.0]		[0.0]		[0.0]		[0.0]		[0.0]		[0.0]		[0.0]		[0.0]		[0.0]		[0.0]		[0.0]		[0.0]		[0.0]		[0.0]		[0.0]		[0.0]		[0.0]		[0.0]		[0.0]		[0.0]		[0.0]		[0.0]		[0.0]		[0.0]		[0.0]		[0.0]		[0.0]		[0.0]		[0.0]		[0.0]		[0.0]		[0.0]		[0.0]		[0.0]		[0.0]		[0.0]		[0.0]		[0.0]		[0.0]		[0.0]		[0.0]		[0.0]		[0.0]		[0.0]		[0.0]		[0.0]		[0.0]		[0.0]		[0.0]	number
	[21.0]		[18.0]		[24.0]		[18.0]		[18.0]		[21.0]		[21.0]		[24.0]		[18.0]		[27.0]		[27.0]		[92.0]		[92.0]		[92.0]		[92.0]		[94.0]		[92.0]		[24.0]		[24.0]		[24.0]		[24.0]		[24.0]		[24.0]		[24.0]		[24.0]		[24.0]		[24.0]		[24.0]		[24.0]		[24.0]		[0.0]		[0.0]		[0.0]		[0.0]		[0.0]		[0.0]		[0.0]		[0.0]		[0.0]		[0.0]		[0.0]		[0.0]		[0.0]		[0.0]		[0.0]		[0.0]		[0.0]		[0.0]		[0.0]		[0.0]		[0.0]		[0.0]		[0.0]		[0.0]		[0.0]		[0.0]		[0.0]		[0.0]		[0.0]		[0.0]		[0.0]		[0.0]		[0.0]		[0.0]		[0.0]		[0.0]		[0.0]		[0.0]		[0.0]		[0.0]		[0.0]		[0.0]		[0.0]		[0.0]		[0.0]		[0.0]		[0.0]		[0.0]		[0.0]		[0.0]		[0.0]		[0.0]		[0.0]		[0.0]		[0.0]		[0.0]		[0.0]	address
	[21.0]		[18.0]		[24.0]		[18.0]		[18.0]		[21.0]		[21.0]		[24.0]		[18.0]		[27.0]		[27.0]		[92.0]		[92.0]		[92.0]		[92.0]		[92.0]		[92.0]		[24.0]		[24.0]		[24.0]		[24.0]		[24.0]		[24.0]		[24.0]		[24.0]		[24.0]		[24.0]		[24.0]		[24.0]		[24.0]		[0.0]		[0.0]		[0.0]		[0.0]		[0.0]		[0.0]		[0.0]		[0.0]		[0.0]		[0.0]		[0.0]		[0.0]		[0.0]		[0.0]		[0.0]		[0.0]		[0.0]		[0.0]		[0.0]		[0.0]		[0.0]		[0.0]		[0.0]		[0.0]		[0.0]		[0.0]		[0.0]		[0.0]		[0.0]		[0.0]		[0.0]		[0.0]		[0.0]		[0.0]		[0.0]		[0.0]		[0.0]		[0.0]		[0.0]		[0.0]		[0.0]		[0.0]		[0.0]		[0.0]		[0.0]		[0.0]		[0.0]		[0.0]		[0.0]		[0.0]		[0.0]		[0.0]		[0.0]		[0.0]		[0.0]		[0.0]		[0.0]	note
	[21.0]		[18.0]		[24.0]		[18.0]		[18.0]		[21.0]		[21.0]		[24.0]		[18.0]		[27.0]		[27.0]		[92.0]		[92.0]		[92.0]		[92.0]		[92.0]		[92.0]		[24.0]		[24.0]		[24.0]		[24.0]		[24.0]		[24.0]		[24.0]		[24.0]		[24.0]		[24.0]		[24.0]		[24.0]		[24.0]		[0.0]		[0.0]		[0.0]		[0.0]		[0.0]		[0.0]		[0.0]		[0.0]		[0.0]		[0.0]		[0.0]		[0.0]		[0.0]		[0.0]		[0.0]		[0.0]		[0.0]		[0.0]		[0.0]		[0.0]		[0.0]		[0.0]		[0.0]		[0.0]		[0.0]		[0.0]		[0.0]		[0.0]		[0.0]		[0.0]		[0.0]		[0.0]		[0.0]		[0.0]		[0.0]		[0.0]		[0.0]		[0.0]		[0.0]		[0.0]		[0.0]		[0.0]		[0.0]		[0.0]		[0.0]		[0.0]		[0.0]		[0.0]		[0.0]		[0.0]		[0.0]		[0.0]		[0.0]		[0.0]		[0.0]		[0.0]		[0.0]	type
	[21.0]		[18.0]		[24.0]		[18.0]		[18.0]		[21.0]		[21.0]		[24.0]		[18.0]		[27.0]		[27.0]		[92.0]		[92.0]		[92.0]		[92.0]		[94.0]		[92.0]		[24.0]		[24.0]		[24.0]		[24.0]		[24.0]		[24.0]		[24.0]		[24.0]		[24.0]		[24.0]		[24.0]		[24.0]		[24.0]		[0.0]		[0.0]		[0.0]		[0.0]		[0.0]		[0.0]		[0.0]		[0.0]		[0.0]		[0.0]		[0.0]		[0.0]		[0.0]		[0.0]		[0.0]		[0.0]		[0.0]		[0.0]		[0.0]		[0.0]		[0.0]		[0.0]		[0.0]		[0.0]		[0.0]		[0.0]		[0.0]		[0.0]		[0.0]		[0.0]		[0.0]		[0.0]		[0.0]		[0.0]		[0.0]		[0.0]		[0.0]		[0.0]		[0.0]		[0.0]		[0.0]		[0.0]		[0.0]		[0.0]		[0.0]		[0.0]		[0.0]		[0.0]		[0.0]		[0.0]		[0.0]		[0.0]		[0.0]		[0.0]		[0.0]		[0.0]		[0.0]	address
	[21.0]		[18.0]		[24.0]		[18.0]		[18.0]		[21.0]		[21.0]		[24.0]		[18.0]		[27.0]		[27.0]		[92.0]		[92.0]		[92.0]		[92.0]		[92.0]		[92.0]		[24.0]		[24.0]		[24.0]		[24.0]		[24.0]		[24.0]		[24.0]		[24.0]		[24.0]		[24.0]		[24.0]		[24.0]		[24.0]		[0.0]		[0.0]		[0.0]		[0.0]		[0.0]		[0.0]		[0.0]		[0.0]		[0.0]		[0.0]		[0.0]		[0.0]		[0.0]		[0.0]		[0.0]		[0.0]		[0.0]		[0.0]		[0.0]		[0.0]		[0.0]		[0.0]		[0.0]		[0.0]		[0.0]		[0.0]		[0.0]		[0.0]		[0.0]		[0.0]		[0.0]		[0.0]		[0.0]		[0.0]		[0.0]		[0.0]		[0.0]		[0.0]		[0.0]		[0.0]		[0.0]		[0.0]		[0.0]		[0.0]		[0.0]		[0.0]		[0.0]		[0.0]		[0.0]		[0.0]		[0.0]		[0.0]		[0.0]		[0.0]		[0.0]		[0.0]		[0.0]	note
	[21.0]		[18.0]		[24.0]		[18.0]		[18.0]		[21.0]		[21.0]		[24.0]		[18.0]		[27.0]		[27.0]		[92.0]		[92.0]		[92.0]		[92.0]		[92.0]		[92.0]		[24.0]		[24.0]		[24.0]		[24.0]		[24.0]		[24.0]		[24.0]		[24.0]		[24.0]		[24.0]		[24.0]		[24.0]		[24.0]		[0.0]		[0.0]		[0.0]		[0.0]		[0.0]		[0.0]		[0.0]		[0.0]		[0.0]		[0.0]		[0.0]		[0.0]		[0.0]		[0.0]		[0.0]		[0.0]		[0.0]		[0.0]		[0.0]		[0.0]		[0.0]		[0.0]		[0.0]		[0.0]		[0.0]		[0.0]		[0.0]		[0.0]		[0.0]		[0.0]		[0.0]		[0.0]		[0.0]		[0.0]		[0.0]		[0.0]		[0.0]		[0.0]		[0.0]		[0.0]		[0.0]		[0.0]		[0.0]		[0.0]		[0.0]		[0.0]		[0.0]		[0.0]		[0.0]		[0.0]		[0.0]		[0.0]		[0.0]		[0.0]		[0.0]		[0.0]		[0.0]	editor
	[21.0]		[18.0]		[24.0]		[18.0]		[18.0]		[21.0]		[21.0]		[24.0]		[18.0]		[27.0]		[27.0]		[92.0]		[92.0]		[92.0]		[92.0]		[92.0]		[92.0]		[24.0]		[24.0]		[24.0]		[24.0]		[24.0]		[24.0]		[24.0]		[24.0]		[24.0]		[24.0]		[24.0]		[24.0]		[24.0]		[0.0]		[0.0]		[0.0]		[0.0]		[0.0]		[0.0]		[0.0]		[0.0]		[0.0]		[0.0]		[0.0]		[0.0]		[0.0]		[0.0]		[0.0]		[0.0]		[0.0]		[0.0]		[0.0]		[0.0]		[0.0]		[0.0]		[0.0]		[0.0]		[0.0]		[0.0]		[0.0]		[0.0]		[0.0]		[0.0]		[0.0]		[0.0]		[0.0]		[0.0]		[0.0]		[0.0]		[0.0]		[0.0]		[0.0]		[0.0]		[0.0]		[0.0]		[0.0]		[0.0]		[0.0]		[0.0]		[0.0]		[0.0]		[0.0]		[0.0]		[0.0]		[0.0]		[0.0]		[0.0]		[0.0]		[0.0]		[0.0]	volume
	[21.0]		[18.0]		[24.0]		[18.0]		[18.0]		[21.0]		[21.0]		[24.0]		[18.0]		[27.0]		[27.0]		[92.0]		[92.0]		[92.0]		[92.0]		[92.0]		[92.0]		[24.0]		[24.0]		[24.0]		[24.0]		[24.0]		[24.0]		[24.0]		[24.0]		[24.0]		[24.0]		[24.0]		[24.0]		[24.0]		[0.0]		[0.0]		[0.0]		[0.0]		[0.0]		[0.0]		[0.0]		[0.0]		[0.0]		[0.0]		[0.0]		[0.0]		[0.0]		[0.0]		[0.0]		[0.0]		[0.0]		[0.0]		[0.0]		[0.0]		[0.0]		[0.0]		[0.0]		[0.0]		[0.0]		[0.0]		[0.0]		[0.0]		[0.0]		[0.0]		[0.0]		[0.0]		[0.0]		[0.0]		[0.0]		[0.0]		[0.0]		[0.0]		[0.0]		[0.0]		[0.0]		[0.0]		[0.0]		[0.0]		[0.0]		[0.0]		[0.0]		[0.0]		[0.0]		[0.0]		[0.0]		[0.0]		[0.0]		[0.0]		[0.0]		[0.0]		[0.0]	number
	[21.0]		[18.0]		[24.0]		[18.0]		[18.0]		[21.0]		[21.0]		[24.0]		[18.0]		[27.0]		[27.0]		[92.0]		[92.0]		[92.0]		[92.0]		[92.0]		[92.0]		[24.0]		[24.0]		[24.0]		[24.0]		[24.0]		[24.0]		[24.0]		[24.0]		[24.0]		[24.0]		[24.0]		[24.0]		[24.0]		[0.0]		[0.0]		[0.0]		[0.0]		[0.0]		[0.0]		[0.0]		[0.0]		[0.0]		[0.0]		[0.0]		[0.0]		[0.0]		[0.0]		[0.0]		[0.0]		[0.0]		[0.0]		[0.0]		[0.0]		[0.0]		[0.0]		[0.0]		[0.0]		[0.0]		[0.0]		[0.0]		[0.0]		[0.0]		[0.0]		[0.0]		[0.0]		[0.0]		[0.0]		[0.0]		[0.0]		[0.0]		[0.0]		[0.0]		[0.0]		[0.0]		[0.0]		[0.0]		[0.0]		[0.0]		[0.0]		[0.0]		[0.0]		[0.0]		[0.0]		[0.0]		[0.0]		[0.0]		[0.0]		[0.0]		[0.0]		[0.0]	series
	[21.0]		[18.0]		[24.0]		[18.0]		[18.0]		[21.0]		[21.0]		[24.0]		[18.0]		[27.0]		[27.0]		[92.0]		[92.0]		[92.0]		[92.0]		[94.0]		[92.0]		[24.0]		[24.0]		[24.0]		[24.0]		[24.0]		[24.0]		[24.0]		[24.0]		[24.0]		[24.0]		[24.0]		[24.0]		[24.0]		[0.0]		[0.0]		[0.0]		[0.0]		[0.0]		[0.0]		[0.0]		[0.0]		[0.0]		[0.0]		[0.0]		[0.0]		[0.0]		[0.0]		[0.0]		[0.0]		[0.0]		[0.0]		[0.0]		[0.0]		[0.0]		[0.0]		[0.0]		[0.0]		[0.0]		[0.0]		[0.0]		[0.0]		[0.0]		[0.0]		[0.0]		[0.0]		[0.0]		[0.0]		[0.0]		[0.0]		[0.0]		[0.0]		[0.0]		[0.0]		[0.0]		[0.0]		[0.0]		[0.0]		[0.0]		[0.0]		[0.0]		[0.0]		[0.0]		[0.0]		[0.0]		[0.0]		[0.0]		[0.0]		[0.0]		[0.0]		[0.0]	address
	[21.0]		[18.0]		[24.0]		[18.0]		[18.0]		[21.0]		[21.0]		[27.0]		[21.0]		[27.0]		[27.0]		[92.0]		[92.0]		[92.0]		[92.0]		[93.0]		[92.0]		[24.0]		[24.0]		[24.0]		[24.0]		[24.0]		[24.0]		[24.0]		[24.0]		[24.0]		[24.0]		[27.0]		[27.0]		[27.0]		[0.0]		[0.0]		[0.0]		[0.0]		[0.0]		[0.0]		[0.0]		[0.0]		[0.0]		[0.0]		[0.0]		[0.0]		[0.0]		[0.0]		[0.0]		[0.0]		[0.0]		[0.0]		[0.0]		[0.0]		[0.0]		[0.0]		[0.0]		[0.0]		[0.0]		[0.0]		[0.0]		[0.0]		[0.0]		[0.0]		[0.0]		[0.0]		[0.0]		[0.0]		[0.0]		[0.0]		[0.0]		[0.0]		[0.0]		[0.0]		[0.0]		[0.0]		[0.0]		[0.0]		[0.0]		[0.0]		[0.0]		[0.0]		[0.0]		[0.0]		[0.0]		[0.0]		[0.0]		[0.0]		[0.0]		[0.0]		[0.0]	organization
	[21.0]		[18.0]		[24.0]		[18.0]		[18.0]		[21.0]		[21.0]		[24.0]		[18.0]		[27.0]		[27.0]		[92.0]		[92.0]		[92.0]		[92.0]		[92.0]		[92.0]		[24.0]		[24.0]		[24.0]		[24.0]		[24.0]		[24.0]		[24.0]		[24.0]		[24.0]		[24.0]		[24.0]		[24.0]		[24.0]		[0.0]		[0.0]		[0.0]		[0.0]		[0.0]		[0.0]		[0.0]		[0.0]		[0.0]		[0.0]		[0.0]		[0.0]		[0.0]		[0.0]		[0.0]		[0.0]		[0.0]		[0.0]		[0.0]		[0.0]		[0.0]		[0.0]		[0.0]		[0.0]		[0.0]		[0.0]		[0.0]		[0.0]		[0.0]		[0.0]		[0.0]		[0.0]		[0.0]		[0.0]		[0.0]		[0.0]		[0.0]		[0.0]		[0.0]		[0.0]		[0.0]		[0.0]		[0.0]		[0.0]		[0.0]		[0.0]		[0.0]		[0.0]		[0.0]		[0.0]		[0.0]		[0.0]		[0.0]		[0.0]		[0.0]		[0.0]		[0.0]	publisher
	[21.0]		[18.0]		[24.0]		[18.0]		[18.0]		[21.0]		[21.0]		[24.0]		[18.0]		[27.0]		[27.0]		[92.0]		[92.0]		[92.0]		[92.0]		[92.0]		[92.0]		[24.0]		[24.0]		[24.0]		[24.0]		[24.0]		[24.0]		[24.0]		[24.0]		[24.0]		[24.0]		[24.0]		[24.0]		[24.0]		[0.0]		[0.0]		[0.0]		[0.0]		[0.0]		[0.0]		[0.0]		[0.0]		[0.0]		[0.0]		[0.0]		[0.0]		[0.0]		[0.0]		[0.0]		[0.0]		[0.0]		[0.0]		[0.0]		[0.0]		[0.0]		[0.0]		[0.0]		[0.0]		[0.0]		[0.0]		[0.0]		[0.0]		[0.0]		[0.0]		[0.0]		[0.0]		[0.0]		[0.0]		[0.0]		[0.0]		[0.0]		[0.0]		[0.0]		[0.0]		[0.0]		[0.0]		[0.0]		[0.0]		[0.0]		[0.0]		[0.0]		[0.0]		[0.0]		[0.0]		[0.0]		[0.0]		[0.0]		[0.0]		[0.0]		[0.0]		[0.0]	note
	[21.0]		[18.0]		[24.0]		[18.0]		[18.0]		[21.0]		[21.0]		[24.0]		[18.0]		[27.0]		[27.0]		[92.0]		[92.0]		[92.0]		[92.0]		[92.0]		[92.0]		[24.0]		[24.0]		[24.0]		[24.0]		[24.0]		[24.0]		[24.0]		[24.0]		[24.0]		[24.0]		[24.0]		[24.0]		[24.0]		[0.0]		[0.0]		[0.0]		[0.0]		[0.0]		[0.0]		[0.0]		[0.0]		[0.0]		[0.0]		[0.0]		[0.0]		[0.0]		[0.0]		[0.0]		[0.0]		[0.0]		[0.0]		[0.0]		[0.0]		[0.0]		[0.0]		[0.0]		[0.0]		[0.0]		[0.0]		[0.0]		[0.0]		[0.0]		[0.0]		[0.0]		[0.0]		[0.0]		[0.0]		[0.0]		[0.0]		[0.0]		[0.0]		[0.0]		[0.0]		[0.0]		[0.0]		[0.0]		[0.0]		[0.0]		[0.0]		[0.0]		[0.0]		[0.0]		[0.0]		[0.0]		[0.0]		[0.0]		[0.0]		[0.0]		[0.0]		[0.0]	pages
	[21.0]		[18.0]		[24.0]		[18.0]		[18.0]		[21.0]		[21.0]		[24.0]		[18.0]		[27.0]		[27.0]		[92.0]		[92.0]		[92.0]		[92.0]		[92.0]		[92.0]		[24.0]		[24.0]		[24.0]		[24.0]		[24.0]		[24.0]		[24.0]		[24.0]		[24.0]		[24.0]		[24.0]		[24.0]		[24.0]		[0.0]		[0.0]		[0.0]		[0.0]		[0.0]		[0.0]		[0.0]		[0.0]		[0.0]		[0.0]		[0.0]		[0.0]		[0.0]		[0.0]		[0.0]		[0.0]		[0.0]		[0.0]		[0.0]		[0.0]		[0.0]		[0.0]		[0.0]		[0.0]		[0.0]		[0.0]		[0.0]		[0.0]		[0.0]		[0.0]		[0.0]		[0.0]		[0.0]		[0.0]		[0.0]		[0.0]		[0.0]		[0.0]		[0.0]		[0.0]		[0.0]		[0.0]		[0.0]		[0.0]		[0.0]		[0.0]		[0.0]		[0.0]		[0.0]		[0.0]		[0.0]		[0.0]		[0.0]		[0.0]		[0.0]		[0.0]		[0.0]	title
	[21.0]		[18.0]		[24.0]		[18.0]		[18.0]		[21.0]		[21.0]		[24.0]		[18.0]		[27.0]		[27.0]		[92.0]		[92.0]		[92.0]		[92.0]		[92.0]		[92.0]		[24.0]		[24.0]		[24.0]		[24.0]		[24.0]		[24.0]		[24.0]		[24.0]		[24.0]		[24.0]		[24.0]		[24.0]		[24.0]		[0.0]		[0.0]		[0.0]		[0.0]		[0.0]		[0.0]		[0.0]		[0.0]		[0.0]		[0.0]		[0.0]		[0.0]		[0.0]		[0.0]		[0.0]		[0.0]		[0.0]		[0.0]		[0.0]		[0.0]		[0.0]		[0.0]		[0.0]		[0.0]		[0.0]		[0.0]		[0.0]		[0.0]		[0.0]		[0.0]		[0.0]		[0.0]		[0.0]		[0.0]		[0.0]		[0.0]		[0.0]		[0.0]		[0.0]		[0.0]		[0.0]		[0.0]		[0.0]		[0.0]		[0.0]		[0.0]		[0.0]		[0.0]		[0.0]		[0.0]		[0.0]		[0.0]		[0.0]		[0.0]		[0.0]		[0.0]		[0.0]	howpublished
	[21.0]		[18.0]		[24.0]		[18.0]		[18.0]		[21.0]		[21.0]		[24.0]		[18.0]		[27.0]		[27.0]		[92.0]		[92.0]		[92.0]		[92.0]		[92.0]		[92.0]		[24.0]		[24.0]		[24.0]		[24.0]		[24.0]		[24.0]		[24.0]		[24.0]		[24.0]		[24.0]		[24.0]		[24.0]		[24.0]		[0.0]		[0.0]		[0.0]		[0.0]		[0.0]		[0.0]		[0.0]		[0.0]		[0.0]		[0.0]		[0.0]		[0.0]		[0.0]		[0.0]		[0.0]		[0.0]		[0.0]		[0.0]		[0.0]		[0.0]		[0.0]		[0.0]		[0.0]		[0.0]		[0.0]		[0.0]		[0.0]		[0.0]		[0.0]		[0.0]		[0.0]		[0.0]		[0.0]		[0.0]		[0.0]		[0.0]		[0.0]		[0.0]		[0.0]		[0.0]		[0.0]		[0.0]		[0.0]		[0.0]		[0.0]		[0.0]		[0.0]		[0.0]		[0.0]		[0.0]		[0.0]		[0.0]		[0.0]		[0.0]		[0.0]		[0.0]		[0.0]	month
	[21.0]		[18.0]		[24.0]		[18.0]		[18.0]		[21.0]		[21.0]		[24.0]		[18.0]		[27.0]		[27.0]		[92.0]		[92.0]		[92.0]		[92.0]		[92.0]		[92.0]		[24.0]		[24.0]		[24.0]		[24.0]		[24.0]		[24.0]		[24.0]		[24.0]		[24.0]		[24.0]		[24.0]		[24.0]		[24.0]		[0.0]		[0.0]		[0.0]		[0.0]		[0.0]		[0.0]		[0.0]		[0.0]		[0.0]		[0.0]		[0.0]		[0.0]		[0.0]		[0.0]		[0.0]		[0.0]		[0.0]		[0.0]		[0.0]		[0.0]		[0.0]		[0.0]		[0.0]		[0.0]		[0.0]		[0.0]		[0.0]		[0.0]		[0.0]		[0.0]		[0.0]		[0.0]		[0.0]		[0.0]		[0.0]		[0.0]		[0.0]		[0.0]		[0.0]		[0.0]		[0.0]		[0.0]		[0.0]		[0.0]		[0.0]		[0.0]		[0.0]		[0.0]		[0.0]		[0.0]		[0.0]		[0.0]		[0.0]		[0.0]		[0.0]		[0.0]		[0.0]	year
	[21.0]		[18.0]		[24.0]		[18.0]		[18.0]		[21.0]		[21.0]		[24.0]		[18.0]		[27.0]		[27.0]		[92.0]		[92.0]		[92.0]		[92.0]		[92.0]		[92.0]		[24.0]		[24.0]		[24.0]		[24.0]		[24.0]		[24.0]		[24.0]		[24.0]		[24.0]		[24.0]		[24.0]		[24.0]		[24.0]		[0.0]		[0.0]		[0.0]		[0.0]		[0.0]		[0.0]		[0.0]		[0.0]		[0.0]		[0.0]		[0.0]		[0.0]		[0.0]		[0.0]		[0.0]		[0.0]		[0.0]		[0.0]		[0.0]		[0.0]		[0.0]		[0.0]		[0.0]		[0.0]		[0.0]		[0.0]		[0.0]		[0.0]		[0.0]		[0.0]		[0.0]		[0.0]		[0.0]		[0.0]		[0.0]		[0.0]		[0.0]		[0.0]		[0.0]		[0.0]		[0.0]		[0.0]		[0.0]		[0.0]		[0.0]		[0.0]		[0.0]		[0.0]		[0.0]		[0.0]		[0.0]		[0.0]		[0.0]		[0.0]		[0.0]		[0.0]		[0.0]	note
	[21.0]		[18.0]		[24.0]		[18.0]		[18.0]		[21.0]		[21.0]		[24.0]		[18.0]		[27.0]		[27.0]		[24.0]		[24.0]		[24.0]		[24.0]		[24.0]		[24.0]		[92.0]		[92.0]		[92.0]		[92.0]		[92.0]		[92.0]		[92.0]		[92.0]		[92.0]		[92.0]		[92.0]		[92.0]		[92.0]		[0.0]		[0.0]		[0.0]		[0.0]		[0.0]		[0.0]		[0.0]		[0.0]		[0.0]		[0.0]		[0.0]		[0.0]		[0.0]		[0.0]		[0.0]		[0.0]		[0.0]		[0.0]		[0.0]		[0.0]		[0.0]		[0.0]		[0.0]		[0.0]		[0.0]		[0.0]		[0.0]		[0.0]		[0.0]		[0.0]		[0.0]		[0.0]		[0.0]		[0.0]		[0.0]		[0.0]		[0.0]		[0.0]		[0.0]		[0.0]		[0.0]		[0.0]		[0.0]		[0.0]		[0.0]		[0.0]		[0.0]		[0.0]		[0.0]		[0.0]		[0.0]		[0.0]		[0.0]		[0.0]		[0.0]		[0.0]		[0.0]	entries
	[21.0]		[18.0]		[24.0]		[18.0]		[18.0]		[21.0]		[21.0]		[24.0]		[18.0]		[27.0]		[27.0]		[24.0]		[24.0]		[24.0]		[24.0]		[24.0]		[24.0]		[92.0]		[92.0]		[92.0]		[92.0]		[92.0]		[92.0]		[92.0]		[92.0]		[92.0]		[92.0]		[92.0]		[92.0]		[92.0]		[0.0]		[0.0]		[0.0]		[0.0]		[0.0]		[0.0]		[0.0]		[0.0]		[0.0]		[0.0]		[0.0]		[0.0]		[0.0]		[0.0]		[0.0]		[0.0]		[0.0]		[0.0]		[0.0]		[0.0]		[0.0]		[0.0]		[0.0]		[0.0]		[0.0]		[0.0]		[0.0]		[0.0]		[0.0]		[0.0]		[0.0]		[0.0]		[0.0]		[0.0]		[0.0]		[0.0]		[0.0]		[0.0]		[0.0]		[0.0]		[0.0]		[0.0]		[0.0]		[0.0]		[0.0]		[0.0]		[0.0]		[0.0]		[0.0]		[0.0]		[0.0]		[0.0]		[0.0]		[0.0]		[0.0]		[0.0]		[0.0]	authors
	[21.0]		[18.0]		[24.0]		[18.0]		[18.0]		[21.0]		[21.0]		[24.0]		[18.0]		[27.0]		[27.0]		[24.0]		[24.0]		[24.0]		[24.0]		[24.0]		[24.0]		[92.0]		[92.0]		[92.0]		[92.0]		[92.0]		[92.0]		[92.0]		[92.0]		[92.0]		[92.0]		[92.0]		[92.0]		[92.0]		[0.0]		[0.0]		[0.0]		[0.0]		[0.0]		[0.0]		[0.0]		[0.0]		[0.0]		[0.0]		[0.0]		[0.0]		[0.0]		[0.0]		[0.0]		[0.0]		[0.0]		[0.0]		[0.0]		[0.0]		[0.0]		[0.0]		[0.0]		[0.0]		[0.0]		[0.0]		[0.0]		[0.0]		[0.0]		[0.0]		[0.0]		[0.0]		[0.0]		[0.0]		[0.0]		[0.0]		[0.0]		[0.0]		[0.0]		[0.0]		[0.0]		[0.0]		[0.0]		[0.0]		[0.0]		[0.0]		[0.0]		[0.0]		[0.0]		[0.0]		[0.0]		[0.0]		[0.0]		[0.0]		[0.0]		[0.0]		[0.0]	authors
	[21.0]		[18.0]		[24.0]		[18.0]		[18.0]		[21.0]		[21.0]		[24.0]		[18.0]		[27.0]		[27.0]		[24.0]		[24.0]		[24.0]		[24.0]		[24.0]		[24.0]		[92.0]		[92.0]		[92.0]		[92.0]		[92.0]		[92.0]		[92.0]		[92.0]		[92.0]		[92.0]		[92.0]		[92.0]		[92.0]		[0.0]		[0.0]		[0.0]		[0.0]		[0.0]		[0.0]		[0.0]		[0.0]		[0.0]		[0.0]		[0.0]		[0.0]		[0.0]		[0.0]		[0.0]		[0.0]		[0.0]		[0.0]		[0.0]		[0.0]		[0.0]		[0.0]		[0.0]		[0.0]		[0.0]		[0.0]		[0.0]		[0.0]		[0.0]		[0.0]		[0.0]		[0.0]		[0.0]		[0.0]		[0.0]		[0.0]		[0.0]		[0.0]		[0.0]		[0.0]		[0.0]		[0.0]		[0.0]		[0.0]		[0.0]		[0.0]		[0.0]		[0.0]		[0.0]		[0.0]		[0.0]		[0.0]		[0.0]		[0.0]		[0.0]		[0.0]		[0.0]	authors
	AWKProgram		File		Record		Field		Script		Rule		Pattern		Action		Instruction		InitialRule		FinalRule		name		name		value		name		regularExpression		value		input		output		script		records		r_file		fields		f_record		rules		r_script		pattern		action		instructions		i_action		slack_0		slack_1		slack_2		slack_3		slack_4		slack_5		slack_6		slack_7		slack_8		slack_9		slack_10		slack_11		slack_12		slack_13		slack_14		slack_15		slack_16		slack_17		slack_18		slack_19		slack_20		slack_21		slack_22		slack_23		slack_24		slack_25		slack_26		slack_27		slack_28		slack_29		slack_30		slack_31		slack_32		slack_33		slack_34		slack_35		slack_36		slack_37		slack_38		slack_39		slack_40		slack_41		slack_42		slack_43		slack_44		slack_45		slack_46		slack_47		slack_48		slack_49		slack_50		slack_51		slack_52		slack_53		slack_54		slack_55		slack_56	
matching: { 
	chapter------(27.0)----------pattern  
	address------(94.0)----------regularExpression  
	organization------(27.0)----------instructions  
	InProceedings------(85.0)----------AWKProgram  
	month------(24.0)----------script  
	authors------(92.0)----------records  
	authors------(92.0)----------r_file  
	authors------(92.0)----------fields  
	entries------(92.0)----------f_record  
	title------(24.0)----------rules  
	pages------(24.0)----------r_script  
	InCollection------(84.0)----------Instruction  
	Booklet------(84.0)----------Script  
	Author------(89.0)----------File  
	Misc------(84.0)----------Field  
	AuthoredEntry------(84.0)----------Rule  
	Entry------(87.0)----------Pattern  
	note------(0.0)----------slack_0  
	Article------(0.0)----------slack_1  
	InBook------(0.0)----------slack_2  
	InstitutionEntry------(0.0)----------slack_3  
	TechReport------(0.0)----------slack_4  
	Manual------(0.0)----------slack_5  
	JournalEntry------(0.0)----------slack_6  
	Book------(0.0)----------slack_7  
	PublisheredEntry------(0.0)----------slack_8  
	EditoredEntry------(0.0)----------slack_9  
	NotedEntry------(0.0)----------slack_10  
	ThesisEntry------(0.0)----------slack_11  
	Proceedings------(0.0)----------slack_12  
	TitledEntry------(0.0)----------slack_13  
	DatedEntry------(0.0)----------slack_14  
	BookTitledEntry------(0.0)----------slack_15  
	SchoolEntry------(0.0)----------slack_16  
	publisher------(0.0)----------slack_17  
	howpublished------(0.0)----------slack_18  
	address------(0.0)----------slack_19  
	series------(0.0)----------slack_20  
	number------(0.0)----------slack_21  
	volume------(0.0)----------slack_22  
	editor------(0.0)----------slack_23  
	note------(0.0)----------slack_24  
	address------(0.0)----------slack_25  
	type------(0.0)----------slack_26  
	note------(0.0)----------slack_27  
	address------(0.0)----------slack_28  
	note------(0.0)----------slack_29  
	number------(0.0)----------slack_30  
	type------(0.0)----------slack_31  
	address------(0.0)----------slack_32  
	institution------(0.0)----------slack_33  
	abstract------(0.0)----------slack_34  
	type------(0.0)----------slack_35  
	chapter------(0.0)----------slack_36  
	type------(0.0)----------slack_37  
	note------(0.0)----------slack_38  
	address------(0.0)----------slack_39  
	howpublished------(0.0)----------slack_40  
	note------(0.0)----------slack_41  
	series------(0.0)----------slack_42  
	number------(0.0)----------slack_43  
	publisher------(0.0)----------slack_44  
	note------(0.0)----------slack_45  
	title------(0.0)----------slack_46  
	volume------(0.0)----------slack_47  
	journal------(0.0)----------slack_48  
	editor------(0.0)----------slack_49  
	note------(0.0)----------slack_50  
	month------(0.0)----------slack_51  
	id------(0.0)----------slack_52  
	pages------(0.0)----------slack_53  
	year------(0.0)----------slack_54  
	number------(0.0)----------slack_55  
	school------(0.0)----------slack_56  
	edition------(29.0)----------action  
	edition------(28.0)----------i_action  
	PhdThesis------(92.0)----------FinalRule  
	year------(24.0)----------output  
	MastersThesis------(92.0)----------InitialRule  
	Conference------(83.0)----------Record  
	BibtexFile------(89.0)----------Action  
	Unpublished------(29.0)----------input  
	name------(100.0)----------name  
	organization------(92.0)----------name  
	booktitle------(92.0)----------value  
	volume------(92.0)----------name  
	note------(92.0)----------value  } 
Score (structural): 0,24