
30 X 30
	[78.0]		[82.0]		[86.0]		[81.0]		[80.0]		[87.0]		[79.0]		[86.0]		[81.0]		[80.0]		[80.0]		[21.0]		[21.0]		[21.0]		[21.0]		[21.0]		[21.0]		[21.0]		[21.0]		[21.0]		[21.0]		[21.0]		[21.0]		[21.0]		[21.0]		[21.0]		[21.0]		[21.0]		[21.0]		[21.0]	ModelElement
	[81.0]		[83.0]		[92.0]		[84.0]		[85.0]		[86.0]		[82.0]		[91.0]		[87.0]		[83.0]		[83.0]		[24.0]		[24.0]		[24.0]		[24.0]		[24.0]		[24.0]		[24.0]		[24.0]		[24.0]		[24.0]		[24.0]		[24.0]		[24.0]		[24.0]		[24.0]		[24.0]		[24.0]		[27.0]		[24.0]	Constraint
	[87.0]		[91.0]		[84.0]		[90.0]		[89.0]		[80.0]		[88.0]		[83.0]		[90.0]		[77.0]		[77.0]		[18.0]		[18.0]		[22.0]		[18.0]		[18.0]		[22.0]		[18.0]		[18.0]		[18.0]		[18.0]		[18.0]		[18.0]		[18.0]		[18.0]		[18.0]		[18.0]		[18.0]		[18.0]		[18.0]	TaggedValue
	[86.0]		[86.0]		[81.0]		[87.0]		[88.0]		[79.0]		[85.0]		[84.0]		[89.0]		[83.0]		[82.0]		[15.0]		[15.0]		[15.0]		[15.0]		[16.0]		[15.0]		[15.0]		[15.0]		[15.0]		[15.0]		[15.0]		[15.0]		[15.0]		[15.0]		[15.0]		[15.0]		[17.0]		[17.0]		[17.0]	TagDefinition
	[86.0]		[88.0]		[82.0]		[89.0]		[88.0]		[80.0]		[92.0]		[82.0]		[89.0]		[80.0]		[80.0]		[21.0]		[21.0]		[21.0]		[21.0]		[21.0]		[21.0]		[21.0]		[21.0]		[21.0]		[21.0]		[21.0]		[21.0]		[21.0]		[21.0]		[21.0]		[21.0]		[21.0]		[21.0]		[21.0]	Multiplicity
	[80.0]		[77.0]		[83.0]		[77.0]		[77.0]		[85.0]		[80.0]		[83.0]		[77.0]		[86.0]		[86.0]		[27.0]		[27.0]		[27.0]		[27.0]		[27.0]		[27.0]		[27.0]		[27.0]		[27.0]		[27.0]		[27.0]		[27.0]		[27.0]		[27.0]		[27.0]		[27.0]		[27.0]		[27.0]		[27.0]	GeneralizableElement
	[78.0]		[82.0]		[86.0]		[81.0]		[80.0]		[83.0]		[81.0]		[86.0]		[81.0]		[86.0]		[86.0]		[21.0]		[21.0]		[21.0]		[21.0]		[21.0]		[21.0]		[21.0]		[21.0]		[21.0]		[21.0]		[21.0]		[21.0]		[21.0]		[21.0]		[21.0]		[23.0]		[21.0]		[21.0]		[21.0]	Stereotype
	[86.0]		[88.0]		[82.0]		[89.0]		[88.0]		[80.0]		[92.0]		[82.0]		[89.0]		[80.0]		[80.0]		[21.0]		[21.0]		[21.0]		[21.0]		[21.0]		[21.0]		[21.0]		[21.0]		[21.0]		[21.0]		[21.0]		[21.0]		[21.0]		[21.0]		[21.0]		[21.0]		[21.0]		[21.0]		[21.0]	Geometry
	[86.0]		[88.0]		[82.0]		[89.0]		[88.0]		[80.0]		[92.0]		[82.0]		[89.0]		[80.0]		[80.0]		[29.0]		[29.0]		[21.0]		[29.0]		[21.0]		[21.0]		[21.0]		[21.0]		[21.0]		[21.0]		[21.0]		[21.0]		[21.0]		[21.0]		[21.0]		[21.0]		[21.0]		[21.0]		[21.0]	Name
	[21.0]		[18.0]		[24.0]		[18.0]		[18.0]		[21.0]		[21.0]		[24.0]		[18.0]		[27.0]		[27.0]		[92.0]		[92.0]		[96.0]		[92.0]		[92.0]		[96.0]		[24.0]		[24.0]		[24.0]		[24.0]		[24.0]		[24.0]		[24.0]		[24.0]		[24.0]		[24.0]		[24.0]		[24.0]		[24.0]	dataValue
	[21.0]		[18.0]		[24.0]		[18.0]		[18.0]		[21.0]		[21.0]		[24.0]		[18.0]		[27.0]		[27.0]		[92.0]		[92.0]		[92.0]		[92.0]		[92.0]		[92.0]		[24.0]		[24.0]		[24.0]		[24.0]		[24.0]		[24.0]		[24.0]		[24.0]		[24.0]		[24.0]		[24.0]		[24.0]		[24.0]	tagType
	[21.0]		[18.0]		[24.0]		[18.0]		[18.0]		[21.0]		[21.0]		[24.0]		[18.0]		[27.0]		[27.0]		[92.0]		[92.0]		[100.0]		[92.0]		[92.0]		[100.0]		[24.0]		[24.0]		[24.0]		[24.0]		[24.0]		[24.0]		[24.0]		[24.0]		[24.0]		[24.0]		[24.0]		[24.0]		[24.0]	value
	[21.0]		[18.0]		[24.0]		[18.0]		[18.0]		[21.0]		[21.0]		[24.0]		[18.0]		[27.0]		[27.0]		[92.0]		[92.0]		[100.0]		[92.0]		[92.0]		[100.0]		[24.0]		[24.0]		[24.0]		[24.0]		[24.0]		[24.0]		[24.0]		[24.0]		[24.0]		[24.0]		[24.0]		[24.0]		[24.0]	value
	[21.0]		[18.0]		[24.0]		[18.0]		[18.0]		[21.0]		[21.0]		[24.0]		[18.0]		[27.0]		[27.0]		[92.0]		[92.0]		[100.0]		[92.0]		[92.0]		[100.0]		[24.0]		[24.0]		[24.0]		[24.0]		[24.0]		[24.0]		[24.0]		[24.0]		[24.0]		[24.0]		[24.0]		[24.0]		[24.0]	value
	[21.0]		[18.0]		[24.0]		[18.0]		[18.0]		[21.0]		[21.0]		[24.0]		[18.0]		[27.0]		[27.0]		[24.0]		[24.0]		[24.0]		[24.0]		[24.0]		[24.0]		[92.0]		[92.0]		[92.0]		[92.0]		[92.0]		[92.0]		[92.0]		[92.0]		[92.0]		[92.0]		[92.0]		[92.0]		[92.0]	referenceTag
	[21.0]		[18.0]		[24.0]		[18.0]		[18.0]		[21.0]		[23.0]		[24.0]		[18.0]		[27.0]		[27.0]		[24.0]		[24.0]		[24.0]		[24.0]		[24.0]		[24.0]		[92.0]		[92.0]		[92.0]		[92.0]		[92.0]		[92.0]		[92.0]		[92.0]		[92.0]		[94.0]		[92.0]		[92.0]		[92.0]	stereotype
	[21.0]		[18.0]		[24.0]		[18.0]		[18.0]		[21.0]		[21.0]		[24.0]		[21.0]		[27.0]		[27.0]		[24.0]		[24.0]		[24.0]		[24.0]		[24.0]		[24.0]		[92.0]		[92.0]		[92.0]		[92.0]		[92.0]		[92.0]		[92.0]		[92.0]		[92.0]		[92.0]		[92.0]		[95.0]		[92.0]	constraint
	[21.0]		[18.0]		[24.0]		[18.0]		[18.0]		[21.0]		[21.0]		[24.0]		[18.0]		[27.0]		[27.0]		[24.0]		[24.0]		[28.0]		[24.0]		[24.0]		[28.0]		[92.0]		[92.0]		[92.0]		[92.0]		[92.0]		[92.0]		[92.0]		[92.0]		[92.0]		[92.0]		[92.0]		[92.0]		[92.0]	taggedValue
	[21.0]		[18.0]		[24.0]		[18.0]		[18.0]		[21.0]		[21.0]		[24.0]		[20.0]		[27.0]		[27.0]		[24.0]		[24.0]		[24.0]		[24.0]		[24.0]		[24.0]		[92.0]		[92.0]		[92.0]		[92.0]		[92.0]		[92.0]		[92.0]		[92.0]		[92.0]		[92.0]		[92.0]		[94.0]		[92.0]	constrainedElement
	[21.0]		[18.0]		[24.0]		[18.0]		[18.0]		[21.0]		[22.0]		[24.0]		[20.0]		[27.0]		[27.0]		[24.0]		[24.0]		[24.0]		[24.0]		[24.0]		[24.0]		[92.0]		[92.0]		[92.0]		[92.0]		[92.0]		[92.0]		[92.0]		[92.0]		[92.0]		[93.0]		[92.0]		[94.0]		[92.0]	constrainedStereotype
	[21.0]		[18.0]		[24.0]		[18.0]		[18.0]		[21.0]		[21.0]		[24.0]		[18.0]		[27.0]		[27.0]		[24.0]		[24.0]		[27.0]		[24.0]		[24.0]		[27.0]		[92.0]		[92.0]		[92.0]		[92.0]		[92.0]		[92.0]		[92.0]		[92.0]		[92.0]		[92.0]		[92.0]		[92.0]		[92.0]	referenceValue
	[21.0]		[18.0]		[24.0]		[18.0]		[18.0]		[21.0]		[21.0]		[24.0]		[18.0]		[27.0]		[27.0]		[24.0]		[24.0]		[24.0]		[24.0]		[24.0]		[24.0]		[92.0]		[92.0]		[92.0]		[92.0]		[92.0]		[92.0]		[92.0]		[92.0]		[92.0]		[92.0]		[92.0]		[92.0]		[92.0]	type
	[21.0]		[18.0]		[24.0]		[18.0]		[18.0]		[21.0]		[21.0]		[24.0]		[18.0]		[27.0]		[27.0]		[24.0]		[24.0]		[24.0]		[24.0]		[24.0]		[24.0]		[92.0]		[92.0]		[92.0]		[92.0]		[92.0]		[92.0]		[92.0]		[92.0]		[92.0]		[92.0]		[92.0]		[92.0]		[92.0]	multiplicity
	[21.0]		[18.0]		[24.0]		[18.0]		[18.0]		[21.0]		[21.0]		[24.0]		[18.0]		[27.0]		[27.0]		[24.0]		[24.0]		[28.0]		[24.0]		[24.0]		[28.0]		[92.0]		[92.0]		[92.0]		[92.0]		[92.0]		[92.0]		[92.0]		[92.0]		[92.0]		[92.0]		[92.0]		[92.0]		[92.0]	typedValue
	[21.0]		[18.0]		[24.0]		[18.0]		[18.0]		[21.0]		[21.0]		[24.0]		[18.0]		[27.0]		[27.0]		[24.0]		[24.0]		[24.0]		[24.0]		[24.0]		[24.0]		[92.0]		[92.0]		[92.0]		[92.0]		[92.0]		[92.0]		[92.0]		[92.0]		[92.0]		[92.0]		[92.0]		[92.0]		[92.0]	owner
	[21.0]		[18.0]		[24.0]		[18.0]		[18.0]		[21.0]		[21.0]		[24.0]		[18.0]		[27.0]		[27.0]		[24.0]		[24.0]		[24.0]		[24.0]		[24.0]		[24.0]		[92.0]		[92.0]		[92.0]		[92.0]		[92.0]		[92.0]		[92.0]		[92.0]		[92.0]		[92.0]		[92.0]		[92.0]		[92.0]	icon
	[21.0]		[18.0]		[24.0]		[18.0]		[18.0]		[21.0]		[21.0]		[24.0]		[18.0]		[27.0]		[27.0]		[24.0]		[24.0]		[24.0]		[24.0]		[24.0]		[24.0]		[92.0]		[92.0]		[92.0]		[92.0]		[92.0]		[92.0]		[92.0]		[92.0]		[92.0]		[92.0]		[92.0]		[92.0]		[92.0]	baseClass
	[21.0]		[18.0]		[24.0]		[18.0]		[18.0]		[21.0]		[21.0]		[24.0]		[18.0]		[27.0]		[29.0]		[24.0]		[24.0]		[24.0]		[24.0]		[24.0]		[24.0]		[92.0]		[92.0]		[92.0]		[92.0]		[92.0]		[92.0]		[92.0]		[92.0]		[92.0]		[92.0]		[92.0]		[92.0]		[92.0]	definedTag
	[21.0]		[18.0]		[25.0]		[18.0]		[18.0]		[21.0]		[22.0]		[24.0]		[20.0]		[27.0]		[27.0]		[24.0]		[24.0]		[24.0]		[24.0]		[24.0]		[24.0]		[92.0]		[92.0]		[92.0]		[93.0]		[92.0]		[92.0]		[93.0]		[92.0]		[92.0]		[93.0]		[92.0]		[94.0]		[92.0]	stereotypeConstraint
	[21.0]		[18.0]		[24.0]		[18.0]		[18.0]		[21.0]		[21.0]		[24.0]		[18.0]		[27.0]		[27.0]		[24.0]		[24.0]		[24.0]		[24.0]		[24.0]		[24.0]		[92.0]		[92.0]		[92.0]		[92.0]		[92.0]		[92.0]		[92.0]		[92.0]		[92.0]		[92.0]		[92.0]		[92.0]		[92.0]	extendedElement
	AWKProgram		File		Record		Field		Script		Rule		Pattern		Action		Instruction		InitialRule		FinalRule		name		name		value		name		regularExpression		value		input		output		script		records		r_file		fields		f_record		rules		r_script		pattern		action		instructions		i_action	
matching: { 
	Name------(92.0)----------Pattern  
	TagDefinition------(89.0)----------Instruction  
	Geometry------(88.0)----------Script  
	Multiplicity------(89.0)----------Field  
	type------(92.0)----------r_script  
	referenceValue------(92.0)----------action  
	stereotype------(94.0)----------pattern  
	constraint------(95.0)----------instructions  
	constrainedStereotype------(92.0)----------i_action  
	value------(100.0)----------value  
	value------(100.0)----------value  
	Stereotype------(86.0)----------Action  
	TaggedValue------(91.0)----------File  
	Constraint------(92.0)----------Record  
	ModelElement------(87.0)----------Rule  
	baseClass------(92.0)----------output  
	icon------(92.0)----------script  
	constrainedElement------(27.0)----------InitialRule  
	definedTag------(29.0)----------FinalRule  
	GeneralizableElement------(80.0)----------AWKProgram  
	dataValue------(92.0)----------name  
	taggedValue------(24.0)----------name  
	value------(92.0)----------name  
	tagType------(92.0)----------regularExpression  
	referenceTag------(92.0)----------input  
	stereotypeConstraint------(93.0)----------records  
	owner------(92.0)----------r_file  
	extendedElement------(92.0)----------fields  
	typedValue------(92.0)----------f_record  
	multiplicity------(92.0)----------rules  } 
Score (structural): 0,85