
79 X 79
	[84.0]		[81.0]		[77.0]		[81.0]		[81.0]		[80.0]		[84.0]		[79.0]		[83.0]		[80.0]		[80.0]		[21.0]		[21.0]		[21.0]		[21.0]		[22.0]		[21.0]		[21.0]		[21.0]		[21.0]		[21.0]		[21.0]		[21.0]		[21.0]		[21.0]		[21.0]		[21.0]		[23.0]		[23.0]		[23.0]		[0.0]		[0.0]		[0.0]		[0.0]		[0.0]		[0.0]		[0.0]		[0.0]		[0.0]		[0.0]		[0.0]		[0.0]		[0.0]		[0.0]		[0.0]		[0.0]		[0.0]		[0.0]		[0.0]		[0.0]		[0.0]		[0.0]		[0.0]		[0.0]		[0.0]		[0.0]		[0.0]		[0.0]		[0.0]		[0.0]		[0.0]		[0.0]		[0.0]		[0.0]		[0.0]		[0.0]		[0.0]		[0.0]		[0.0]		[0.0]		[0.0]		[0.0]		[0.0]		[0.0]		[0.0]		[0.0]		[0.0]		[0.0]		[0.0]	MotivationElement
	[78.0]		[82.0]		[86.0]		[81.0]		[80.0]		[83.0]		[79.0]		[86.0]		[81.0]		[86.0]		[86.0]		[21.0]		[21.0]		[21.0]		[21.0]		[22.0]		[21.0]		[21.0]		[21.0]		[21.0]		[21.0]		[21.0]		[21.0]		[21.0]		[21.0]		[21.0]		[21.0]		[21.0]		[21.0]		[21.0]		[0.0]		[0.0]		[0.0]		[0.0]		[0.0]		[0.0]		[0.0]		[0.0]		[0.0]		[0.0]		[0.0]		[0.0]		[0.0]		[0.0]		[0.0]		[0.0]		[0.0]		[0.0]		[0.0]		[0.0]		[0.0]		[0.0]		[0.0]		[0.0]		[0.0]		[0.0]		[0.0]		[0.0]		[0.0]		[0.0]		[0.0]		[0.0]		[0.0]		[0.0]		[0.0]		[0.0]		[0.0]		[0.0]		[0.0]		[0.0]		[0.0]		[0.0]		[0.0]		[0.0]		[0.0]		[0.0]		[0.0]		[0.0]		[0.0]	Assessment
	[74.0]		[76.0]		[82.0]		[77.0]		[76.0]		[86.0]		[80.0]		[82.0]		[77.0]		[86.0]		[86.0]		[21.0]		[21.0]		[21.0]		[21.0]		[21.0]		[21.0]		[21.0]		[21.0]		[21.0]		[21.0]		[21.0]		[21.0]		[21.0]		[21.0]		[21.0]		[21.0]		[21.0]		[21.0]		[21.0]		[0.0]		[0.0]		[0.0]		[0.0]		[0.0]		[0.0]		[0.0]		[0.0]		[0.0]		[0.0]		[0.0]		[0.0]		[0.0]		[0.0]		[0.0]		[0.0]		[0.0]		[0.0]		[0.0]		[0.0]		[0.0]		[0.0]		[0.0]		[0.0]		[0.0]		[0.0]		[0.0]		[0.0]		[0.0]		[0.0]		[0.0]		[0.0]		[0.0]		[0.0]		[0.0]		[0.0]		[0.0]		[0.0]		[0.0]		[0.0]		[0.0]		[0.0]		[0.0]		[0.0]		[0.0]		[0.0]		[0.0]		[0.0]		[0.0]	End
	[74.0]		[75.0]		[82.0]		[76.0]		[76.0]		[84.0]		[79.0]		[82.0]		[76.0]		[86.0]		[86.0]		[21.0]		[21.0]		[23.0]		[21.0]		[21.0]		[23.0]		[21.0]		[21.0]		[21.0]		[21.0]		[21.0]		[21.0]		[21.0]		[21.0]		[21.0]		[21.0]		[21.0]		[21.0]		[21.0]		[0.0]		[0.0]		[0.0]		[0.0]		[0.0]		[0.0]		[0.0]		[0.0]		[0.0]		[0.0]		[0.0]		[0.0]		[0.0]		[0.0]		[0.0]		[0.0]		[0.0]		[0.0]		[0.0]		[0.0]		[0.0]		[0.0]		[0.0]		[0.0]		[0.0]		[0.0]		[0.0]		[0.0]		[0.0]		[0.0]		[0.0]		[0.0]		[0.0]		[0.0]		[0.0]		[0.0]		[0.0]		[0.0]		[0.0]		[0.0]		[0.0]		[0.0]		[0.0]		[0.0]		[0.0]		[0.0]		[0.0]		[0.0]		[0.0]	Influencer
	[79.0]		[81.0]		[88.0]		[82.0]		[83.0]		[84.0]		[79.0]		[90.0]		[83.0]		[86.0]		[86.0]		[21.0]		[21.0]		[22.0]		[21.0]		[22.0]		[22.0]		[21.0]		[21.0]		[21.0]		[21.0]		[21.0]		[21.0]		[21.0]		[21.0]		[21.0]		[21.0]		[22.0]		[22.0]		[22.0]		[0.0]		[0.0]		[0.0]		[0.0]		[0.0]		[0.0]		[0.0]		[0.0]		[0.0]		[0.0]		[0.0]		[0.0]		[0.0]		[0.0]		[0.0]		[0.0]		[0.0]		[0.0]		[0.0]		[0.0]		[0.0]		[0.0]		[0.0]		[0.0]		[0.0]		[0.0]		[0.0]		[0.0]		[0.0]		[0.0]		[0.0]		[0.0]		[0.0]		[0.0]		[0.0]		[0.0]		[0.0]		[0.0]		[0.0]		[0.0]		[0.0]		[0.0]		[0.0]		[0.0]		[0.0]		[0.0]		[0.0]		[0.0]		[0.0]	InfluencingOrganization
	[74.0]		[76.0]		[82.0]		[77.0]		[76.0]		[84.0]		[80.0]		[82.0]		[77.0]		[86.0]		[86.0]		[21.0]		[21.0]		[21.0]		[21.0]		[21.0]		[21.0]		[21.0]		[21.0]		[21.0]		[21.0]		[21.0]		[21.0]		[21.0]		[21.0]		[21.0]		[21.0]		[21.0]		[21.0]		[21.0]		[0.0]		[0.0]		[0.0]		[0.0]		[0.0]		[0.0]		[0.0]		[0.0]		[0.0]		[0.0]		[0.0]		[0.0]		[0.0]		[0.0]		[0.0]		[0.0]		[0.0]		[0.0]		[0.0]		[0.0]		[0.0]		[0.0]		[0.0]		[0.0]		[0.0]		[0.0]		[0.0]		[0.0]		[0.0]		[0.0]		[0.0]		[0.0]		[0.0]		[0.0]		[0.0]		[0.0]		[0.0]		[0.0]		[0.0]		[0.0]		[0.0]		[0.0]		[0.0]		[0.0]		[0.0]		[0.0]		[0.0]		[0.0]		[0.0]	Means
	[76.0]		[79.0]		[84.0]		[80.0]		[79.0]		[88.0]		[77.0]		[87.0]		[80.0]		[85.0]		[83.0]		[18.0]		[18.0]		[18.0]		[18.0]		[18.0]		[18.0]		[18.0]		[18.0]		[18.0]		[18.0]		[18.0]		[18.0]		[18.0]		[18.0]		[18.0]		[18.0]		[20.0]		[18.0]		[20.0]		[0.0]		[0.0]		[0.0]		[0.0]		[0.0]		[0.0]		[0.0]		[0.0]		[0.0]		[0.0]		[0.0]		[0.0]		[0.0]		[0.0]		[0.0]		[0.0]		[0.0]		[0.0]		[0.0]		[0.0]		[0.0]		[0.0]		[0.0]		[0.0]		[0.0]		[0.0]		[0.0]		[0.0]		[0.0]		[0.0]		[0.0]		[0.0]		[0.0]		[0.0]		[0.0]		[0.0]		[0.0]		[0.0]		[0.0]		[0.0]		[0.0]		[0.0]		[0.0]		[0.0]		[0.0]		[0.0]		[0.0]		[0.0]		[0.0]	PotentialImpact
	[82.0]		[80.0]		[85.0]		[80.0]		[80.0]		[82.0]		[77.0]		[86.0]		[80.0]		[89.0]		[89.0]		[24.0]		[24.0]		[24.0]		[24.0]		[25.0]		[24.0]		[24.0]		[24.0]		[24.0]		[24.0]		[24.0]		[24.0]		[24.0]		[24.0]		[24.0]		[24.0]		[24.0]		[24.0]		[24.0]		[0.0]		[0.0]		[0.0]		[0.0]		[0.0]		[0.0]		[0.0]		[0.0]		[0.0]		[0.0]		[0.0]		[0.0]		[0.0]		[0.0]		[0.0]		[0.0]		[0.0]		[0.0]		[0.0]		[0.0]		[0.0]		[0.0]		[0.0]		[0.0]		[0.0]		[0.0]		[0.0]		[0.0]		[0.0]		[0.0]		[0.0]		[0.0]		[0.0]		[0.0]		[0.0]		[0.0]		[0.0]		[0.0]		[0.0]		[0.0]		[0.0]		[0.0]		[0.0]		[0.0]		[0.0]		[0.0]		[0.0]		[0.0]		[0.0]	AssessmentCategory
	[82.0]		[80.0]		[85.0]		[80.0]		[80.0]		[82.0]		[77.0]		[86.0]		[80.0]		[89.0]		[89.0]		[24.0]		[24.0]		[25.0]		[24.0]		[24.0]		[25.0]		[24.0]		[24.0]		[24.0]		[24.0]		[24.0]		[24.0]		[24.0]		[24.0]		[24.0]		[24.0]		[24.0]		[24.0]		[24.0]		[0.0]		[0.0]		[0.0]		[0.0]		[0.0]		[0.0]		[0.0]		[0.0]		[0.0]		[0.0]		[0.0]		[0.0]		[0.0]		[0.0]		[0.0]		[0.0]		[0.0]		[0.0]		[0.0]		[0.0]		[0.0]		[0.0]		[0.0]		[0.0]		[0.0]		[0.0]		[0.0]		[0.0]		[0.0]		[0.0]		[0.0]		[0.0]		[0.0]		[0.0]		[0.0]		[0.0]		[0.0]		[0.0]		[0.0]		[0.0]		[0.0]		[0.0]		[0.0]		[0.0]		[0.0]		[0.0]		[0.0]		[0.0]		[0.0]	InfluencerCategory
	[82.0]		[80.0]		[85.0]		[80.0]		[80.0]		[82.0]		[77.0]		[88.0]		[82.0]		[89.0]		[89.0]		[24.0]		[24.0]		[24.0]		[24.0]		[25.0]		[24.0]		[24.0]		[24.0]		[24.0]		[24.0]		[24.0]		[24.0]		[24.0]		[24.0]		[24.0]		[24.0]		[26.0]		[26.0]		[26.0]		[0.0]		[0.0]		[0.0]		[0.0]		[0.0]		[0.0]		[0.0]		[0.0]		[0.0]		[0.0]		[0.0]		[0.0]		[0.0]		[0.0]		[0.0]		[0.0]		[0.0]		[0.0]		[0.0]		[0.0]		[0.0]		[0.0]		[0.0]		[0.0]		[0.0]		[0.0]		[0.0]		[0.0]		[0.0]		[0.0]		[0.0]		[0.0]		[0.0]		[0.0]		[0.0]		[0.0]		[0.0]		[0.0]		[0.0]		[0.0]		[0.0]		[0.0]		[0.0]		[0.0]		[0.0]		[0.0]		[0.0]		[0.0]		[0.0]	OrganizationCategory
	[79.0]		[82.0]		[87.0]		[83.0]		[82.0]		[85.0]		[80.0]		[90.0]		[85.0]		[88.0]		[86.0]		[21.0]		[21.0]		[21.0]		[21.0]		[22.0]		[21.0]		[21.0]		[21.0]		[21.0]		[21.0]		[21.0]		[21.0]		[21.0]		[21.0]		[21.0]		[21.0]		[23.0]		[23.0]		[23.0]		[0.0]		[0.0]		[0.0]		[0.0]		[0.0]		[0.0]		[0.0]		[0.0]		[0.0]		[0.0]		[0.0]		[0.0]		[0.0]		[0.0]		[0.0]		[0.0]		[0.0]		[0.0]		[0.0]		[0.0]		[0.0]		[0.0]		[0.0]		[0.0]		[0.0]		[0.0]		[0.0]		[0.0]		[0.0]		[0.0]		[0.0]		[0.0]		[0.0]		[0.0]		[0.0]		[0.0]		[0.0]		[0.0]		[0.0]		[0.0]		[0.0]		[0.0]		[0.0]		[0.0]		[0.0]		[0.0]		[0.0]		[0.0]		[0.0]	OrganizationUnit
	[82.0]		[82.0]		[85.0]		[81.0]		[80.0]		[85.0]		[79.0]		[86.0]		[81.0]		[86.0]		[86.0]		[21.0]		[21.0]		[21.0]		[21.0]		[22.0]		[21.0]		[21.0]		[21.0]		[21.0]		[21.0]		[21.0]		[21.0]		[21.0]		[21.0]		[21.0]		[21.0]		[21.0]		[21.0]		[21.0]		[0.0]		[0.0]		[0.0]		[0.0]		[0.0]		[0.0]		[0.0]		[0.0]		[0.0]		[0.0]		[0.0]		[0.0]		[0.0]		[0.0]		[0.0]		[0.0]		[0.0]		[0.0]		[0.0]		[0.0]		[0.0]		[0.0]		[0.0]		[0.0]		[0.0]		[0.0]		[0.0]		[0.0]		[0.0]		[0.0]		[0.0]		[0.0]		[0.0]		[0.0]		[0.0]		[0.0]		[0.0]		[0.0]		[0.0]		[0.0]		[0.0]		[0.0]		[0.0]		[0.0]		[0.0]		[0.0]		[0.0]		[0.0]		[0.0]	BusinessProcess
	[74.0]		[75.0]		[82.0]		[76.0]		[76.0]		[85.0]		[79.0]		[82.0]		[76.0]		[86.0]		[86.0]		[21.0]		[21.0]		[21.0]		[21.0]		[21.0]		[21.0]		[21.0]		[21.0]		[21.0]		[21.0]		[21.0]		[21.0]		[21.0]		[21.0]		[21.0]		[21.0]		[21.0]		[21.0]		[21.0]		[0.0]		[0.0]		[0.0]		[0.0]		[0.0]		[0.0]		[0.0]		[0.0]		[0.0]		[0.0]		[0.0]		[0.0]		[0.0]		[0.0]		[0.0]		[0.0]		[0.0]		[0.0]		[0.0]		[0.0]		[0.0]		[0.0]		[0.0]		[0.0]		[0.0]		[0.0]		[0.0]		[0.0]		[0.0]		[0.0]		[0.0]		[0.0]		[0.0]		[0.0]		[0.0]		[0.0]		[0.0]		[0.0]		[0.0]		[0.0]		[0.0]		[0.0]		[0.0]		[0.0]		[0.0]		[0.0]		[0.0]		[0.0]		[0.0]	Asset
	[79.0]		[82.0]		[87.0]		[83.0]		[82.0]		[85.0]		[80.0]		[88.0]		[83.0]		[86.0]		[86.0]		[21.0]		[21.0]		[21.0]		[21.0]		[21.0]		[21.0]		[21.0]		[21.0]		[21.0]		[21.0]		[21.0]		[21.0]		[21.0]		[21.0]		[21.0]		[21.0]		[21.0]		[21.0]		[21.0]		[0.0]		[0.0]		[0.0]		[0.0]		[0.0]		[0.0]		[0.0]		[0.0]		[0.0]		[0.0]		[0.0]		[0.0]		[0.0]		[0.0]		[0.0]		[0.0]		[0.0]		[0.0]		[0.0]		[0.0]		[0.0]		[0.0]		[0.0]		[0.0]		[0.0]		[0.0]		[0.0]		[0.0]		[0.0]		[0.0]		[0.0]		[0.0]		[0.0]		[0.0]		[0.0]		[0.0]		[0.0]		[0.0]		[0.0]		[0.0]		[0.0]		[0.0]		[0.0]		[0.0]		[0.0]		[0.0]		[0.0]		[0.0]		[0.0]	Liability
	[77.0]		[80.0]		[84.0]		[79.0]		[78.0]		[82.0]		[82.0]		[84.0]		[79.0]		[89.0]		[89.0]		[24.0]		[24.0]		[24.0]		[24.0]		[25.0]		[24.0]		[24.0]		[24.0]		[24.0]		[24.0]		[24.0]		[24.0]		[24.0]		[24.0]		[24.0]		[24.0]		[24.0]		[24.0]		[24.0]		[0.0]		[0.0]		[0.0]		[0.0]		[0.0]		[0.0]		[0.0]		[0.0]		[0.0]		[0.0]		[0.0]		[0.0]		[0.0]		[0.0]		[0.0]		[0.0]		[0.0]		[0.0]		[0.0]		[0.0]		[0.0]		[0.0]		[0.0]		[0.0]		[0.0]		[0.0]		[0.0]		[0.0]		[0.0]		[0.0]		[0.0]		[0.0]		[0.0]		[0.0]		[0.0]		[0.0]		[0.0]		[0.0]		[0.0]		[0.0]		[0.0]		[0.0]		[0.0]		[0.0]		[0.0]		[0.0]		[0.0]		[0.0]		[0.0]	Resource
	[76.0]		[79.0]		[84.0]		[80.0]		[79.0]		[87.0]		[77.0]		[88.0]		[82.0]		[83.0]		[83.0]		[18.0]		[18.0]		[18.0]		[18.0]		[20.0]		[18.0]		[18.0]		[18.0]		[18.0]		[18.0]		[18.0]		[18.0]		[18.0]		[18.0]		[18.0]		[18.0]		[21.0]		[20.0]		[21.0]		[0.0]		[0.0]		[0.0]		[0.0]		[0.0]		[0.0]		[0.0]		[0.0]		[0.0]		[0.0]		[0.0]		[0.0]		[0.0]		[0.0]		[0.0]		[0.0]		[0.0]		[0.0]		[0.0]		[0.0]		[0.0]		[0.0]		[0.0]		[0.0]		[0.0]		[0.0]		[0.0]		[0.0]		[0.0]		[0.0]		[0.0]		[0.0]		[0.0]		[0.0]		[0.0]		[0.0]		[0.0]		[0.0]		[0.0]		[0.0]		[0.0]		[0.0]		[0.0]		[0.0]		[0.0]		[0.0]		[0.0]		[0.0]		[0.0]	Mission
	[75.0]		[77.0]		[84.0]		[78.0]		[78.0]		[85.0]		[76.0]		[87.0]		[81.0]		[83.0]		[83.0]		[18.0]		[18.0]		[18.0]		[18.0]		[19.0]		[18.0]		[18.0]		[18.0]		[18.0]		[18.0]		[18.0]		[18.0]		[18.0]		[18.0]		[18.0]		[18.0]		[21.0]		[21.0]		[21.0]		[0.0]		[0.0]		[0.0]		[0.0]		[0.0]		[0.0]		[0.0]		[0.0]		[0.0]		[0.0]		[0.0]		[0.0]		[0.0]		[0.0]		[0.0]		[0.0]		[0.0]		[0.0]		[0.0]		[0.0]		[0.0]		[0.0]		[0.0]		[0.0]		[0.0]		[0.0]		[0.0]		[0.0]		[0.0]		[0.0]		[0.0]		[0.0]		[0.0]		[0.0]		[0.0]		[0.0]		[0.0]		[0.0]		[0.0]		[0.0]		[0.0]		[0.0]		[0.0]		[0.0]		[0.0]		[0.0]		[0.0]		[0.0]		[0.0]	CourseOfAction
	[76.0]		[79.0]		[84.0]		[80.0]		[79.0]		[87.0]		[77.0]		[85.0]		[80.0]		[83.0]		[83.0]		[18.0]		[18.0]		[18.0]		[18.0]		[18.0]		[18.0]		[18.0]		[18.0]		[18.0]		[18.0]		[18.0]		[18.0]		[18.0]		[18.0]		[18.0]		[18.0]		[18.0]		[18.0]		[18.0]		[0.0]		[0.0]		[0.0]		[0.0]		[0.0]		[0.0]		[0.0]		[0.0]		[0.0]		[0.0]		[0.0]		[0.0]		[0.0]		[0.0]		[0.0]		[0.0]		[0.0]		[0.0]		[0.0]		[0.0]		[0.0]		[0.0]		[0.0]		[0.0]		[0.0]		[0.0]		[0.0]		[0.0]		[0.0]		[0.0]		[0.0]		[0.0]		[0.0]		[0.0]		[0.0]		[0.0]		[0.0]		[0.0]		[0.0]		[0.0]		[0.0]		[0.0]		[0.0]		[0.0]		[0.0]		[0.0]		[0.0]		[0.0]		[0.0]	FixedAsset
	[78.0]		[80.0]		[89.0]		[81.0]		[82.0]		[83.0]		[79.0]		[88.0]		[81.0]		[86.0]		[86.0]		[21.0]		[21.0]		[21.0]		[21.0]		[21.0]		[21.0]		[21.0]		[21.0]		[21.0]		[21.0]		[21.0]		[21.0]		[21.0]		[21.0]		[21.0]		[21.0]		[21.0]		[21.0]		[21.0]		[0.0]		[0.0]		[0.0]		[0.0]		[0.0]		[0.0]		[0.0]		[0.0]		[0.0]		[0.0]		[0.0]		[0.0]		[0.0]		[0.0]		[0.0]		[0.0]		[0.0]		[0.0]		[0.0]		[0.0]		[0.0]		[0.0]		[0.0]		[0.0]		[0.0]		[0.0]		[0.0]		[0.0]		[0.0]		[0.0]		[0.0]		[0.0]		[0.0]		[0.0]		[0.0]		[0.0]		[0.0]		[0.0]		[0.0]		[0.0]		[0.0]		[0.0]		[0.0]		[0.0]		[0.0]		[0.0]		[0.0]		[0.0]		[0.0]	Offering
	[75.0]		[77.0]		[88.0]		[78.0]		[79.0]		[86.0]		[76.0]		[88.0]		[80.0]		[83.0]		[83.0]		[18.0]		[18.0]		[18.0]		[18.0]		[18.0]		[18.0]		[18.0]		[18.0]		[18.0]		[21.0]		[18.0]		[18.0]		[21.0]		[18.0]		[18.0]		[18.0]		[21.0]		[20.0]		[21.0]		[0.0]		[0.0]		[0.0]		[0.0]		[0.0]		[0.0]		[0.0]		[0.0]		[0.0]		[0.0]		[0.0]		[0.0]		[0.0]		[0.0]		[0.0]		[0.0]		[0.0]		[0.0]		[0.0]		[0.0]		[0.0]		[0.0]		[0.0]		[0.0]		[0.0]		[0.0]		[0.0]		[0.0]		[0.0]		[0.0]		[0.0]		[0.0]		[0.0]		[0.0]		[0.0]		[0.0]		[0.0]		[0.0]		[0.0]		[0.0]		[0.0]		[0.0]		[0.0]		[0.0]		[0.0]		[0.0]		[0.0]		[0.0]		[0.0]	Directive
	[78.0]		[81.0]		[88.0]		[82.0]		[81.0]		[84.0]		[80.0]		[87.0]		[84.0]		[86.0]		[86.0]		[21.0]		[21.0]		[21.0]		[21.0]		[21.0]		[21.0]		[21.0]		[21.0]		[21.0]		[21.0]		[21.0]		[21.0]		[21.0]		[21.0]		[21.0]		[21.0]		[21.0]		[23.0]		[21.0]		[0.0]		[0.0]		[0.0]		[0.0]		[0.0]		[0.0]		[0.0]		[0.0]		[0.0]		[0.0]		[0.0]		[0.0]		[0.0]		[0.0]		[0.0]		[0.0]		[0.0]		[0.0]		[0.0]		[0.0]		[0.0]		[0.0]		[0.0]		[0.0]		[0.0]		[0.0]		[0.0]		[0.0]		[0.0]		[0.0]		[0.0]		[0.0]		[0.0]		[0.0]		[0.0]		[0.0]		[0.0]		[0.0]		[0.0]		[0.0]		[0.0]		[0.0]		[0.0]		[0.0]		[0.0]		[0.0]		[0.0]		[0.0]		[0.0]	Strategy
	[81.0]		[79.0]		[86.0]		[79.0]		[79.0]		[81.0]		[77.0]		[90.0]		[81.0]		[89.0]		[89.0]		[24.0]		[24.0]		[24.0]		[24.0]		[24.0]		[24.0]		[24.0]		[24.0]		[24.0]		[24.0]		[24.0]		[24.0]		[24.0]		[24.0]		[24.0]		[24.0]		[29.0]		[26.0]		[28.0]		[0.0]		[0.0]		[0.0]		[0.0]		[0.0]		[0.0]		[0.0]		[0.0]		[0.0]		[0.0]		[0.0]		[0.0]		[0.0]		[0.0]		[0.0]		[0.0]		[0.0]		[0.0]		[0.0]		[0.0]		[0.0]		[0.0]		[0.0]		[0.0]		[0.0]		[0.0]		[0.0]		[0.0]		[0.0]		[0.0]		[0.0]		[0.0]		[0.0]		[0.0]		[0.0]		[0.0]		[0.0]		[0.0]		[0.0]		[0.0]		[0.0]		[0.0]		[0.0]		[0.0]		[0.0]		[0.0]		[0.0]		[0.0]		[0.0]	Tactic
	[79.0]		[81.0]		[88.0]		[82.0]		[83.0]		[87.0]		[79.0]		[89.0]		[82.0]		[89.0]		[89.0]		[21.0]		[21.0]		[21.0]		[21.0]		[22.0]		[21.0]		[21.0]		[21.0]		[21.0]		[21.0]		[21.0]		[21.0]		[21.0]		[24.0]		[21.0]		[21.0]		[21.0]		[21.0]		[21.0]		[0.0]		[0.0]		[0.0]		[0.0]		[0.0]		[0.0]		[0.0]		[0.0]		[0.0]		[0.0]		[0.0]		[0.0]		[0.0]		[0.0]		[0.0]		[0.0]		[0.0]		[0.0]		[0.0]		[0.0]		[0.0]		[0.0]		[0.0]		[0.0]		[0.0]		[0.0]		[0.0]		[0.0]		[0.0]		[0.0]		[0.0]		[0.0]		[0.0]		[0.0]		[0.0]		[0.0]		[0.0]		[0.0]		[0.0]		[0.0]		[0.0]		[0.0]		[0.0]		[0.0]		[0.0]		[0.0]		[0.0]		[0.0]		[0.0]	BusinessRule
	[80.0]		[81.0]		[86.0]		[82.0]		[81.0]		[86.0]		[80.0]		[87.0]		[82.0]		[86.0]		[86.0]		[21.0]		[21.0]		[21.0]		[21.0]		[22.0]		[21.0]		[21.0]		[21.0]		[21.0]		[21.0]		[21.0]		[21.0]		[21.0]		[21.0]		[21.0]		[21.0]		[21.0]		[21.0]		[21.0]		[0.0]		[0.0]		[0.0]		[0.0]		[0.0]		[0.0]		[0.0]		[0.0]		[0.0]		[0.0]		[0.0]		[0.0]		[0.0]		[0.0]		[0.0]		[0.0]		[0.0]		[0.0]		[0.0]		[0.0]		[0.0]		[0.0]		[0.0]		[0.0]		[0.0]		[0.0]		[0.0]		[0.0]		[0.0]		[0.0]		[0.0]		[0.0]		[0.0]		[0.0]		[0.0]		[0.0]		[0.0]		[0.0]		[0.0]		[0.0]		[0.0]		[0.0]		[0.0]		[0.0]		[0.0]		[0.0]		[0.0]		[0.0]		[0.0]	BusinessPolicy
	[77.0]		[79.0]		[85.0]		[80.0]		[79.0]		[83.0]		[83.0]		[88.0]		[83.0]		[89.0]		[89.0]		[24.0]		[24.0]		[24.0]		[24.0]		[27.0]		[24.0]		[24.0]		[24.0]		[24.0]		[24.0]		[24.0]		[24.0]		[24.0]		[24.0]		[24.0]		[24.0]		[27.0]		[27.0]		[27.0]		[0.0]		[0.0]		[0.0]		[0.0]		[0.0]		[0.0]		[0.0]		[0.0]		[0.0]		[0.0]		[0.0]		[0.0]		[0.0]		[0.0]		[0.0]		[0.0]		[0.0]		[0.0]		[0.0]		[0.0]		[0.0]		[0.0]		[0.0]		[0.0]		[0.0]		[0.0]		[0.0]		[0.0]		[0.0]		[0.0]		[0.0]		[0.0]		[0.0]		[0.0]		[0.0]		[0.0]		[0.0]		[0.0]		[0.0]		[0.0]		[0.0]		[0.0]		[0.0]		[0.0]		[0.0]		[0.0]		[0.0]		[0.0]		[0.0]	Regulation
	[77.0]		[78.0]		[86.0]		[79.0]		[80.0]		[82.0]		[82.0]		[90.0]		[81.0]		[89.0]		[89.0]		[24.0]		[24.0]		[24.0]		[24.0]		[26.0]		[24.0]		[24.0]		[24.0]		[24.0]		[24.0]		[24.0]		[24.0]		[24.0]		[24.0]		[24.0]		[24.0]		[28.0]		[26.0]		[27.0]		[0.0]		[0.0]		[0.0]		[0.0]		[0.0]		[0.0]		[0.0]		[0.0]		[0.0]		[0.0]		[0.0]		[0.0]		[0.0]		[0.0]		[0.0]		[0.0]		[0.0]		[0.0]		[0.0]		[0.0]		[0.0]		[0.0]		[0.0]		[0.0]		[0.0]		[0.0]		[0.0]		[0.0]		[0.0]		[0.0]		[0.0]		[0.0]		[0.0]		[0.0]		[0.0]		[0.0]		[0.0]		[0.0]		[0.0]		[0.0]		[0.0]		[0.0]		[0.0]		[0.0]		[0.0]		[0.0]		[0.0]		[0.0]		[0.0]	Vision
	[76.0]		[80.0]		[83.0]		[79.0]		[78.0]		[87.0]		[76.0]		[84.0]		[79.0]		[83.0]		[83.0]		[18.0]		[18.0]		[18.0]		[18.0]		[19.0]		[18.0]		[18.0]		[18.0]		[18.0]		[18.0]		[18.0]		[18.0]		[18.0]		[18.0]		[18.0]		[18.0]		[18.0]		[18.0]		[18.0]		[0.0]		[0.0]		[0.0]		[0.0]		[0.0]		[0.0]		[0.0]		[0.0]		[0.0]		[0.0]		[0.0]		[0.0]		[0.0]		[0.0]		[0.0]		[0.0]		[0.0]		[0.0]		[0.0]		[0.0]		[0.0]		[0.0]		[0.0]		[0.0]		[0.0]		[0.0]		[0.0]		[0.0]		[0.0]		[0.0]		[0.0]		[0.0]		[0.0]		[0.0]		[0.0]		[0.0]		[0.0]		[0.0]		[0.0]		[0.0]		[0.0]		[0.0]		[0.0]		[0.0]		[0.0]		[0.0]		[0.0]		[0.0]		[0.0]	DesiredResult
	[79.0]		[82.0]		[87.0]		[83.0]		[82.0]		[85.0]		[80.0]		[88.0]		[83.0]		[86.0]		[86.0]		[21.0]		[21.0]		[21.0]		[21.0]		[21.0]		[21.0]		[21.0]		[21.0]		[21.0]		[21.0]		[21.0]		[21.0]		[21.0]		[21.0]		[21.0]		[21.0]		[21.0]		[21.0]		[21.0]		[0.0]		[0.0]		[0.0]		[0.0]		[0.0]		[0.0]		[0.0]		[0.0]		[0.0]		[0.0]		[0.0]		[0.0]		[0.0]		[0.0]		[0.0]		[0.0]		[0.0]		[0.0]		[0.0]		[0.0]		[0.0]		[0.0]		[0.0]		[0.0]		[0.0]		[0.0]		[0.0]		[0.0]		[0.0]		[0.0]		[0.0]		[0.0]		[0.0]		[0.0]		[0.0]		[0.0]		[0.0]		[0.0]		[0.0]		[0.0]		[0.0]		[0.0]		[0.0]		[0.0]		[0.0]		[0.0]		[0.0]		[0.0]		[0.0]	Goal
	[82.0]		[80.0]		[85.0]		[80.0]		[80.0]		[82.0]		[77.0]		[89.0]		[82.0]		[89.0]		[89.0]		[24.0]		[24.0]		[24.0]		[24.0]		[24.0]		[24.0]		[24.0]		[24.0]		[24.0]		[24.0]		[24.0]		[24.0]		[24.0]		[24.0]		[24.0]		[24.0]		[27.0]		[26.0]		[27.0]		[0.0]		[0.0]		[0.0]		[0.0]		[0.0]		[0.0]		[0.0]		[0.0]		[0.0]		[0.0]		[0.0]		[0.0]		[0.0]		[0.0]		[0.0]		[0.0]		[0.0]		[0.0]		[0.0]		[0.0]		[0.0]		[0.0]		[0.0]		[0.0]		[0.0]		[0.0]		[0.0]		[0.0]		[0.0]		[0.0]		[0.0]		[0.0]		[0.0]		[0.0]		[0.0]		[0.0]		[0.0]		[0.0]		[0.0]		[0.0]		[0.0]		[0.0]		[0.0]		[0.0]		[0.0]		[0.0]		[0.0]		[0.0]		[0.0]	Objective
	[80.0]		[77.0]		[83.0]		[77.0]		[77.0]		[80.0]		[80.0]		[83.0]		[77.0]		[95.0]		[94.0]		[27.0]		[27.0]		[27.0]		[27.0]		[27.0]		[27.0]		[27.0]		[27.0]		[27.0]		[27.0]		[27.0]		[27.0]		[27.0]		[27.0]		[27.0]		[27.0]		[27.0]		[27.0]		[27.0]		[0.0]		[0.0]		[0.0]		[0.0]		[0.0]		[0.0]		[0.0]		[0.0]		[0.0]		[0.0]		[0.0]		[0.0]		[0.0]		[0.0]		[0.0]		[0.0]		[0.0]		[0.0]		[0.0]		[0.0]		[0.0]		[0.0]		[0.0]		[0.0]		[0.0]		[0.0]		[0.0]		[0.0]		[0.0]		[0.0]		[0.0]		[0.0]		[0.0]		[0.0]		[0.0]		[0.0]		[0.0]		[0.0]		[0.0]		[0.0]		[0.0]		[0.0]		[0.0]		[0.0]		[0.0]		[0.0]		[0.0]		[0.0]		[0.0]	PotentialReward
	[80.0]		[77.0]		[83.0]		[77.0]		[77.0]		[80.0]		[80.0]		[83.0]		[77.0]		[92.0]		[92.0]		[27.0]		[27.0]		[27.0]		[27.0]		[27.0]		[27.0]		[27.0]		[27.0]		[27.0]		[27.0]		[27.0]		[27.0]		[27.0]		[27.0]		[27.0]		[27.0]		[27.0]		[27.0]		[27.0]		[0.0]		[0.0]		[0.0]		[0.0]		[0.0]		[0.0]		[0.0]		[0.0]		[0.0]		[0.0]		[0.0]		[0.0]		[0.0]		[0.0]		[0.0]		[0.0]		[0.0]		[0.0]		[0.0]		[0.0]		[0.0]		[0.0]		[0.0]		[0.0]		[0.0]		[0.0]		[0.0]		[0.0]		[0.0]		[0.0]		[0.0]		[0.0]		[0.0]		[0.0]		[0.0]		[0.0]		[0.0]		[0.0]		[0.0]		[0.0]		[0.0]		[0.0]		[0.0]		[0.0]		[0.0]		[0.0]		[0.0]		[0.0]		[0.0]	Risk
	[21.0]		[18.0]		[24.0]		[18.0]		[18.0]		[21.0]		[21.0]		[24.0]		[18.0]		[27.0]		[27.0]		[100.0]		[100.0]		[92.0]		[100.0]		[92.0]		[92.0]		[24.0]		[24.0]		[24.0]		[24.0]		[24.0]		[24.0]		[24.0]		[24.0]		[24.0]		[24.0]		[24.0]		[24.0]		[24.0]		[0.0]		[0.0]		[0.0]		[0.0]		[0.0]		[0.0]		[0.0]		[0.0]		[0.0]		[0.0]		[0.0]		[0.0]		[0.0]		[0.0]		[0.0]		[0.0]		[0.0]		[0.0]		[0.0]		[0.0]		[0.0]		[0.0]		[0.0]		[0.0]		[0.0]		[0.0]		[0.0]		[0.0]		[0.0]		[0.0]		[0.0]		[0.0]		[0.0]		[0.0]		[0.0]		[0.0]		[0.0]		[0.0]		[0.0]		[0.0]		[0.0]		[0.0]		[0.0]		[0.0]		[0.0]		[0.0]		[0.0]		[0.0]		[0.0]	name
	[21.0]		[18.0]		[24.0]		[18.0]		[22.0]		[21.0]		[21.0]		[27.0]		[21.0]		[27.0]		[27.0]		[92.0]		[92.0]		[92.0]		[92.0]		[93.0]		[92.0]		[24.0]		[24.0]		[28.0]		[24.0]		[24.0]		[24.0]		[24.0]		[24.0]		[28.0]		[24.0]		[27.0]		[27.0]		[27.0]		[0.0]		[0.0]		[0.0]		[0.0]		[0.0]		[0.0]		[0.0]		[0.0]		[0.0]		[0.0]		[0.0]		[0.0]		[0.0]		[0.0]		[0.0]		[0.0]		[0.0]		[0.0]		[0.0]		[0.0]		[0.0]		[0.0]		[0.0]		[0.0]		[0.0]		[0.0]		[0.0]		[0.0]		[0.0]		[0.0]		[0.0]		[0.0]		[0.0]		[0.0]		[0.0]		[0.0]		[0.0]		[0.0]		[0.0]		[0.0]		[0.0]		[0.0]		[0.0]		[0.0]		[0.0]		[0.0]		[0.0]		[0.0]		[0.0]	description
	[21.0]		[18.0]		[24.0]		[18.0]		[18.0]		[21.0]		[21.0]		[24.0]		[18.0]		[27.0]		[27.0]		[24.0]		[24.0]		[24.0]		[24.0]		[25.0]		[24.0]		[92.0]		[92.0]		[92.0]		[92.0]		[92.0]		[92.0]		[92.0]		[92.0]		[92.0]		[92.0]		[92.0]		[92.0]		[92.0]		[0.0]		[0.0]		[0.0]		[0.0]		[0.0]		[0.0]		[0.0]		[0.0]		[0.0]		[0.0]		[0.0]		[0.0]		[0.0]		[0.0]		[0.0]		[0.0]		[0.0]		[0.0]		[0.0]		[0.0]		[0.0]		[0.0]		[0.0]		[0.0]		[0.0]		[0.0]		[0.0]		[0.0]		[0.0]		[0.0]		[0.0]		[0.0]		[0.0]		[0.0]		[0.0]		[0.0]		[0.0]		[0.0]		[0.0]		[0.0]		[0.0]		[0.0]		[0.0]		[0.0]		[0.0]		[0.0]		[0.0]		[0.0]		[0.0]	usingAssessmentUsesUsedAssessment
	[22.0]		[18.0]		[25.0]		[18.0]		[18.0]		[21.0]		[21.0]		[25.0]		[19.0]		[27.0]		[27.0]		[24.0]		[24.0]		[24.0]		[24.0]		[25.0]		[24.0]		[92.0]		[92.0]		[92.0]		[93.0]		[92.0]		[92.0]		[93.0]		[92.0]		[92.0]		[92.0]		[93.0]		[93.0]		[93.0]		[0.0]		[0.0]		[0.0]		[0.0]		[0.0]		[0.0]		[0.0]		[0.0]		[0.0]		[0.0]		[0.0]		[0.0]		[0.0]		[0.0]		[0.0]		[0.0]		[0.0]		[0.0]		[0.0]		[0.0]		[0.0]		[0.0]		[0.0]		[0.0]		[0.0]		[0.0]		[0.0]		[0.0]		[0.0]		[0.0]		[0.0]		[0.0]		[0.0]		[0.0]		[0.0]		[0.0]		[0.0]		[0.0]		[0.0]		[0.0]		[0.0]		[0.0]		[0.0]		[0.0]		[0.0]		[0.0]		[0.0]		[0.0]		[0.0]	assessmentProvidesImpetusForDirective
	[21.0]		[18.0]		[24.0]		[19.0]		[18.0]		[21.0]		[21.0]		[25.0]		[18.0]		[28.0]		[27.0]		[24.0]		[24.0]		[24.0]		[24.0]		[25.0]		[24.0]		[92.0]		[92.0]		[92.0]		[92.0]		[92.0]		[93.0]		[92.0]		[92.0]		[92.0]		[92.0]		[93.0]		[92.0]		[93.0]		[0.0]		[0.0]		[0.0]		[0.0]		[0.0]		[0.0]		[0.0]		[0.0]		[0.0]		[0.0]		[0.0]		[0.0]		[0.0]		[0.0]		[0.0]		[0.0]		[0.0]		[0.0]		[0.0]		[0.0]		[0.0]		[0.0]		[0.0]		[0.0]		[0.0]		[0.0]		[0.0]		[0.0]		[0.0]		[0.0]		[0.0]		[0.0]		[0.0]		[0.0]		[0.0]		[0.0]		[0.0]		[0.0]		[0.0]		[0.0]		[0.0]		[0.0]		[0.0]		[0.0]		[0.0]		[0.0]		[0.0]		[0.0]		[0.0]	assessmentIdentifiesPotentialImpact
	[21.0]		[18.0]		[24.0]		[18.0]		[18.0]		[21.0]		[21.0]		[24.0]		[18.0]		[27.0]		[28.0]		[24.0]		[24.0]		[25.0]		[24.0]		[25.0]		[25.0]		[92.0]		[92.0]		[92.0]		[92.0]		[92.0]		[92.0]		[92.0]		[92.0]		[92.0]		[92.0]		[92.0]		[92.0]		[92.0]		[0.0]		[0.0]		[0.0]		[0.0]		[0.0]		[0.0]		[0.0]		[0.0]		[0.0]		[0.0]		[0.0]		[0.0]		[0.0]		[0.0]		[0.0]		[0.0]		[0.0]		[0.0]		[0.0]		[0.0]		[0.0]		[0.0]		[0.0]		[0.0]		[0.0]		[0.0]		[0.0]		[0.0]		[0.0]		[0.0]		[0.0]		[0.0]		[0.0]		[0.0]		[0.0]		[0.0]		[0.0]		[0.0]		[0.0]		[0.0]		[0.0]		[0.0]		[0.0]		[0.0]		[0.0]		[0.0]		[0.0]		[0.0]		[0.0]	assessmentJudgmentOfInfluencer
	[21.0]		[18.0]		[24.0]		[18.0]		[18.0]		[21.0]		[21.0]		[25.0]		[19.0]		[27.0]		[28.0]		[24.0]		[24.0]		[25.0]		[24.0]		[25.0]		[25.0]		[92.0]		[92.0]		[92.0]		[92.0]		[92.0]		[92.0]		[92.0]		[92.0]		[92.0]		[92.0]		[93.0]		[93.0]		[93.0]		[0.0]		[0.0]		[0.0]		[0.0]		[0.0]		[0.0]		[0.0]		[0.0]		[0.0]		[0.0]		[0.0]		[0.0]		[0.0]		[0.0]		[0.0]		[0.0]		[0.0]		[0.0]		[0.0]		[0.0]		[0.0]		[0.0]		[0.0]		[0.0]		[0.0]		[0.0]		[0.0]		[0.0]		[0.0]		[0.0]		[0.0]		[0.0]		[0.0]		[0.0]		[0.0]		[0.0]		[0.0]		[0.0]		[0.0]		[0.0]		[0.0]		[0.0]		[0.0]		[0.0]		[0.0]		[0.0]		[0.0]		[0.0]		[0.0]	influencingOrganizationIsSourceOfInfluencer
	[22.0]		[18.0]		[25.0]		[18.0]		[18.0]		[21.0]		[21.0]		[25.0]		[19.0]		[28.0]		[27.0]		[24.0]		[24.0]		[24.0]		[24.0]		[24.0]		[24.0]		[92.0]		[92.0]		[92.0]		[93.0]		[92.0]		[92.0]		[93.0]		[92.0]		[92.0]		[92.0]		[93.0]		[93.0]		[93.0]		[0.0]		[0.0]		[0.0]		[0.0]		[0.0]		[0.0]		[0.0]		[0.0]		[0.0]		[0.0]		[0.0]		[0.0]		[0.0]		[0.0]		[0.0]		[0.0]		[0.0]		[0.0]		[0.0]		[0.0]		[0.0]		[0.0]		[0.0]		[0.0]		[0.0]		[0.0]		[0.0]		[0.0]		[0.0]		[0.0]		[0.0]		[0.0]		[0.0]		[0.0]		[0.0]		[0.0]		[0.0]		[0.0]		[0.0]		[0.0]		[0.0]		[0.0]		[0.0]		[0.0]		[0.0]		[0.0]		[0.0]		[0.0]		[0.0]	potentialImpactProvidesImpetusForDirective
	[21.0]		[18.0]		[24.0]		[18.0]		[18.0]		[21.0]		[21.0]		[24.0]		[18.0]		[27.0]		[27.0]		[24.0]		[24.0]		[24.0]		[24.0]		[25.0]		[24.0]		[92.0]		[92.0]		[92.0]		[92.0]		[92.0]		[92.0]		[92.0]		[92.0]		[92.0]		[92.0]		[92.0]		[92.0]		[92.0]		[0.0]		[0.0]		[0.0]		[0.0]		[0.0]		[0.0]		[0.0]		[0.0]		[0.0]		[0.0]		[0.0]		[0.0]		[0.0]		[0.0]		[0.0]		[0.0]		[0.0]		[0.0]		[0.0]		[0.0]		[0.0]		[0.0]		[0.0]		[0.0]		[0.0]		[0.0]		[0.0]		[0.0]		[0.0]		[0.0]		[0.0]		[0.0]		[0.0]		[0.0]		[0.0]		[0.0]		[0.0]		[0.0]		[0.0]		[0.0]		[0.0]		[0.0]		[0.0]		[0.0]		[0.0]		[0.0]		[0.0]		[0.0]		[0.0]	assessmentCategoryCategoriesAssessment
	[21.0]		[18.0]		[24.0]		[18.0]		[18.0]		[21.0]		[21.0]		[24.0]		[18.0]		[27.0]		[27.0]		[24.0]		[24.0]		[25.0]		[24.0]		[24.0]		[25.0]		[92.0]		[92.0]		[92.0]		[92.0]		[92.0]		[92.0]		[92.0]		[92.0]		[92.0]		[92.0]		[92.0]		[92.0]		[92.0]		[0.0]		[0.0]		[0.0]		[0.0]		[0.0]		[0.0]		[0.0]		[0.0]		[0.0]		[0.0]		[0.0]		[0.0]		[0.0]		[0.0]		[0.0]		[0.0]		[0.0]		[0.0]		[0.0]		[0.0]		[0.0]		[0.0]		[0.0]		[0.0]		[0.0]		[0.0]		[0.0]		[0.0]		[0.0]		[0.0]		[0.0]		[0.0]		[0.0]		[0.0]		[0.0]		[0.0]		[0.0]		[0.0]		[0.0]		[0.0]		[0.0]		[0.0]		[0.0]		[0.0]		[0.0]		[0.0]		[0.0]		[0.0]		[0.0]	influencerCategoryCategorizesInfluencer
	[21.0]		[18.0]		[24.0]		[18.0]		[18.0]		[21.0]		[21.0]		[25.0]		[19.0]		[27.0]		[27.0]		[24.0]		[24.0]		[24.0]		[24.0]		[24.0]		[24.0]		[92.0]		[92.0]		[92.0]		[92.0]		[92.0]		[92.0]		[92.0]		[92.0]		[92.0]		[92.0]		[93.0]		[93.0]		[93.0]		[0.0]		[0.0]		[0.0]		[0.0]		[0.0]		[0.0]		[0.0]		[0.0]		[0.0]		[0.0]		[0.0]		[0.0]		[0.0]		[0.0]		[0.0]		[0.0]		[0.0]		[0.0]		[0.0]		[0.0]		[0.0]		[0.0]		[0.0]		[0.0]		[0.0]		[0.0]		[0.0]		[0.0]		[0.0]		[0.0]		[0.0]		[0.0]		[0.0]		[0.0]		[0.0]		[0.0]		[0.0]		[0.0]		[0.0]		[0.0]		[0.0]		[0.0]		[0.0]		[0.0]		[0.0]		[0.0]		[0.0]		[0.0]		[0.0]	organizationCategoryCategorizesInfluencingOrganization
	[21.0]		[18.0]		[24.0]		[18.0]		[18.0]		[21.0]		[21.0]		[25.0]		[19.0]		[28.0]		[28.0]		[24.0]		[24.0]		[24.0]		[24.0]		[25.0]		[24.0]		[92.0]		[92.0]		[92.0]		[92.0]		[92.0]		[92.0]		[92.0]		[92.0]		[92.0]		[92.0]		[93.0]		[93.0]		[93.0]		[0.0]		[0.0]		[0.0]		[0.0]		[0.0]		[0.0]		[0.0]		[0.0]		[0.0]		[0.0]		[0.0]		[0.0]		[0.0]		[0.0]		[0.0]		[0.0]		[0.0]		[0.0]		[0.0]		[0.0]		[0.0]		[0.0]		[0.0]		[0.0]		[0.0]		[0.0]		[0.0]		[0.0]		[0.0]		[0.0]		[0.0]		[0.0]		[0.0]		[0.0]		[0.0]		[0.0]		[0.0]		[0.0]		[0.0]		[0.0]		[0.0]		[0.0]		[0.0]		[0.0]		[0.0]		[0.0]		[0.0]		[0.0]		[0.0]	organizationUnitDefinesEnd
	[21.0]		[18.0]		[24.0]		[18.0]		[18.0]		[21.0]		[21.0]		[25.0]		[19.0]		[28.0]		[27.0]		[24.0]		[24.0]		[24.0]		[24.0]		[25.0]		[24.0]		[92.0]		[92.0]		[92.0]		[92.0]		[92.0]		[92.0]		[92.0]		[92.0]		[92.0]		[92.0]		[93.0]		[93.0]		[93.0]		[0.0]		[0.0]		[0.0]		[0.0]		[0.0]		[0.0]		[0.0]		[0.0]		[0.0]		[0.0]		[0.0]		[0.0]		[0.0]		[0.0]		[0.0]		[0.0]		[0.0]		[0.0]		[0.0]		[0.0]		[0.0]		[0.0]		[0.0]		[0.0]		[0.0]		[0.0]		[0.0]		[0.0]		[0.0]		[0.0]		[0.0]		[0.0]		[0.0]		[0.0]		[0.0]		[0.0]		[0.0]		[0.0]		[0.0]		[0.0]		[0.0]		[0.0]		[0.0]		[0.0]		[0.0]		[0.0]		[0.0]		[0.0]		[0.0]	organizationUnitEstablishesMeans
	[21.0]		[18.0]		[24.0]		[18.0]		[18.0]		[21.0]		[21.0]		[25.0]		[19.0]		[28.0]		[27.0]		[24.0]		[24.0]		[24.0]		[24.0]		[25.0]		[24.0]		[92.0]		[92.0]		[92.0]		[92.0]		[92.0]		[92.0]		[92.0]		[92.0]		[92.0]		[92.0]		[93.0]		[93.0]		[93.0]		[0.0]		[0.0]		[0.0]		[0.0]		[0.0]		[0.0]		[0.0]		[0.0]		[0.0]		[0.0]		[0.0]		[0.0]		[0.0]		[0.0]		[0.0]		[0.0]		[0.0]		[0.0]		[0.0]		[0.0]		[0.0]		[0.0]		[0.0]		[0.0]		[0.0]		[0.0]		[0.0]		[0.0]		[0.0]		[0.0]		[0.0]		[0.0]		[0.0]		[0.0]		[0.0]		[0.0]		[0.0]		[0.0]		[0.0]		[0.0]		[0.0]		[0.0]		[0.0]		[0.0]		[0.0]		[0.0]		[0.0]		[0.0]		[0.0]	organizationUnitIsResponsibleForAsset
	[21.0]		[18.0]		[24.0]		[18.0]		[18.0]		[21.0]		[21.0]		[25.0]		[19.0]		[28.0]		[27.0]		[24.0]		[24.0]		[24.0]		[24.0]		[25.0]		[24.0]		[92.0]		[92.0]		[92.0]		[92.0]		[92.0]		[92.0]		[92.0]		[92.0]		[92.0]		[92.0]		[93.0]		[93.0]		[93.0]		[0.0]		[0.0]		[0.0]		[0.0]		[0.0]		[0.0]		[0.0]		[0.0]		[0.0]		[0.0]		[0.0]		[0.0]		[0.0]		[0.0]		[0.0]		[0.0]		[0.0]		[0.0]		[0.0]		[0.0]		[0.0]		[0.0]		[0.0]		[0.0]		[0.0]		[0.0]		[0.0]		[0.0]		[0.0]		[0.0]		[0.0]		[0.0]		[0.0]		[0.0]		[0.0]		[0.0]		[0.0]		[0.0]		[0.0]		[0.0]		[0.0]		[0.0]		[0.0]		[0.0]		[0.0]		[0.0]		[0.0]		[0.0]		[0.0]	organizationUnitIsResponsibleForLiability
	[21.0]		[18.0]		[25.0]		[18.0]		[18.0]		[21.0]		[21.0]		[25.0]		[19.0]		[28.0]		[27.0]		[24.0]		[24.0]		[25.0]		[24.0]		[25.0]		[25.0]		[92.0]		[92.0]		[92.0]		[93.0]		[92.0]		[92.0]		[93.0]		[92.0]		[92.0]		[92.0]		[93.0]		[93.0]		[93.0]		[0.0]		[0.0]		[0.0]		[0.0]		[0.0]		[0.0]		[0.0]		[0.0]		[0.0]		[0.0]		[0.0]		[0.0]		[0.0]		[0.0]		[0.0]		[0.0]		[0.0]		[0.0]		[0.0]		[0.0]		[0.0]		[0.0]		[0.0]		[0.0]		[0.0]		[0.0]		[0.0]		[0.0]		[0.0]		[0.0]		[0.0]		[0.0]		[0.0]		[0.0]		[0.0]		[0.0]		[0.0]		[0.0]		[0.0]		[0.0]		[0.0]		[0.0]		[0.0]		[0.0]		[0.0]		[0.0]		[0.0]		[0.0]		[0.0]	organizationUnitRecognizesInfluencer
	[21.0]		[18.0]		[24.0]		[18.0]		[18.0]		[21.0]		[21.0]		[25.0]		[19.0]		[28.0]		[27.0]		[24.0]		[24.0]		[25.0]		[24.0]		[25.0]		[25.0]		[92.0]		[92.0]		[92.0]		[92.0]		[92.0]		[92.0]		[92.0]		[92.0]		[92.0]		[92.0]		[93.0]		[93.0]		[93.0]		[0.0]		[0.0]		[0.0]		[0.0]		[0.0]		[0.0]		[0.0]		[0.0]		[0.0]		[0.0]		[0.0]		[0.0]		[0.0]		[0.0]		[0.0]		[0.0]		[0.0]		[0.0]		[0.0]		[0.0]		[0.0]		[0.0]		[0.0]		[0.0]		[0.0]		[0.0]		[0.0]		[0.0]		[0.0]		[0.0]		[0.0]		[0.0]		[0.0]		[0.0]		[0.0]		[0.0]		[0.0]		[0.0]		[0.0]		[0.0]		[0.0]		[0.0]		[0.0]		[0.0]		[0.0]		[0.0]		[0.0]		[0.0]		[0.0]	organizationUnitActAsInfluencingOrganization
	[21.0]		[18.0]		[24.0]		[18.0]		[18.0]		[21.0]		[21.0]		[25.0]		[19.0]		[28.0]		[27.0]		[24.0]		[24.0]		[24.0]		[24.0]		[25.0]		[24.0]		[92.0]		[92.0]		[92.0]		[92.0]		[92.0]		[92.0]		[92.0]		[92.0]		[92.0]		[92.0]		[93.0]		[93.0]		[93.0]		[0.0]		[0.0]		[0.0]		[0.0]		[0.0]		[0.0]		[0.0]		[0.0]		[0.0]		[0.0]		[0.0]		[0.0]		[0.0]		[0.0]		[0.0]		[0.0]		[0.0]		[0.0]		[0.0]		[0.0]		[0.0]		[0.0]		[0.0]		[0.0]		[0.0]		[0.0]		[0.0]		[0.0]		[0.0]		[0.0]		[0.0]		[0.0]		[0.0]		[0.0]		[0.0]		[0.0]		[0.0]		[0.0]		[0.0]		[0.0]		[0.0]		[0.0]		[0.0]		[0.0]		[0.0]		[0.0]		[0.0]		[0.0]		[0.0]	organizationUnitMakesAssessment
	[22.0]		[18.0]		[24.0]		[18.0]		[18.0]		[21.0]		[21.0]		[25.0]		[19.0]		[28.0]		[27.0]		[24.0]		[24.0]		[24.0]		[24.0]		[25.0]		[24.0]		[92.0]		[92.0]		[92.0]		[92.0]		[92.0]		[92.0]		[92.0]		[92.0]		[92.0]		[92.0]		[93.0]		[93.0]		[93.0]		[0.0]		[0.0]		[0.0]		[0.0]		[0.0]		[0.0]		[0.0]		[0.0]		[0.0]		[0.0]		[0.0]		[0.0]		[0.0]		[0.0]		[0.0]		[0.0]		[0.0]		[0.0]		[0.0]		[0.0]		[0.0]		[0.0]		[0.0]		[0.0]		[0.0]		[0.0]		[0.0]		[0.0]		[0.0]		[0.0]		[0.0]		[0.0]		[0.0]		[0.0]		[0.0]		[0.0]		[0.0]		[0.0]		[0.0]		[0.0]		[0.0]		[0.0]		[0.0]		[0.0]		[0.0]		[0.0]		[0.0]		[0.0]		[0.0]	organizationUnitIsResponsibleForBusinessProcess
	[22.0]		[18.0]		[24.0]		[18.0]		[18.0]		[21.0]		[21.0]		[25.0]		[19.0]		[27.0]		[27.0]		[24.0]		[24.0]		[24.0]		[24.0]		[25.0]		[24.0]		[92.0]		[92.0]		[92.0]		[92.0]		[92.0]		[92.0]		[92.0]		[92.0]		[92.0]		[92.0]		[93.0]		[93.0]		[93.0]		[0.0]		[0.0]		[0.0]		[0.0]		[0.0]		[0.0]		[0.0]		[0.0]		[0.0]		[0.0]		[0.0]		[0.0]		[0.0]		[0.0]		[0.0]		[0.0]		[0.0]		[0.0]		[0.0]		[0.0]		[0.0]		[0.0]		[0.0]		[0.0]		[0.0]		[0.0]		[0.0]		[0.0]		[0.0]		[0.0]		[0.0]		[0.0]		[0.0]		[0.0]		[0.0]		[0.0]		[0.0]		[0.0]		[0.0]		[0.0]		[0.0]		[0.0]		[0.0]		[0.0]		[0.0]		[0.0]		[0.0]		[0.0]		[0.0]	businessProcessRealizesCourseOfAction
	[22.0]		[18.0]		[24.0]		[18.0]		[18.0]		[21.0]		[21.0]		[24.0]		[18.0]		[27.0]		[27.0]		[24.0]		[24.0]		[24.0]		[24.0]		[25.0]		[24.0]		[92.0]		[92.0]		[92.0]		[92.0]		[92.0]		[92.0]		[92.0]		[92.0]		[92.0]		[92.0]		[92.0]		[92.0]		[92.0]		[0.0]		[0.0]		[0.0]		[0.0]		[0.0]		[0.0]		[0.0]		[0.0]		[0.0]		[0.0]		[0.0]		[0.0]		[0.0]		[0.0]		[0.0]		[0.0]		[0.0]		[0.0]		[0.0]		[0.0]		[0.0]		[0.0]		[0.0]		[0.0]		[0.0]		[0.0]		[0.0]		[0.0]		[0.0]		[0.0]		[0.0]		[0.0]		[0.0]		[0.0]		[0.0]		[0.0]		[0.0]		[0.0]		[0.0]		[0.0]		[0.0]		[0.0]		[0.0]		[0.0]		[0.0]		[0.0]		[0.0]		[0.0]		[0.0]	businessProcessManagerAsset
	[22.0]		[18.0]		[24.0]		[18.0]		[18.0]		[21.0]		[21.0]		[24.0]		[18.0]		[27.0]		[27.0]		[24.0]		[24.0]		[24.0]		[24.0]		[25.0]		[24.0]		[92.0]		[92.0]		[92.0]		[92.0]		[92.0]		[92.0]		[92.0]		[92.0]		[92.0]		[92.0]		[92.0]		[92.0]		[92.0]		[0.0]		[0.0]		[0.0]		[0.0]		[0.0]		[0.0]		[0.0]		[0.0]		[0.0]		[0.0]		[0.0]		[0.0]		[0.0]		[0.0]		[0.0]		[0.0]		[0.0]		[0.0]		[0.0]		[0.0]		[0.0]		[0.0]		[0.0]		[0.0]		[0.0]		[0.0]		[0.0]		[0.0]		[0.0]		[0.0]		[0.0]		[0.0]		[0.0]		[0.0]		[0.0]		[0.0]		[0.0]		[0.0]		[0.0]		[0.0]		[0.0]		[0.0]		[0.0]		[0.0]		[0.0]		[0.0]		[0.0]		[0.0]		[0.0]	businessProcessDeliversOfeering
	[21.0]		[18.0]		[24.0]		[18.0]		[18.0]		[21.0]		[21.0]		[24.0]		[18.0]		[27.0]		[27.0]		[24.0]		[24.0]		[24.0]		[24.0]		[25.0]		[24.0]		[92.0]		[92.0]		[92.0]		[92.0]		[92.0]		[92.0]		[92.0]		[92.0]		[92.0]		[92.0]		[92.0]		[92.0]		[92.0]		[0.0]		[0.0]		[0.0]		[0.0]		[0.0]		[0.0]		[0.0]		[0.0]		[0.0]		[0.0]		[0.0]		[0.0]		[0.0]		[0.0]		[0.0]		[0.0]		[0.0]		[0.0]		[0.0]		[0.0]		[0.0]		[0.0]		[0.0]		[0.0]		[0.0]		[0.0]		[0.0]		[0.0]		[0.0]		[0.0]		[0.0]		[0.0]		[0.0]		[0.0]		[0.0]		[0.0]		[0.0]		[0.0]		[0.0]		[0.0]		[0.0]		[0.0]		[0.0]		[0.0]		[0.0]		[0.0]		[0.0]		[0.0]		[0.0]	liabilityClaimsResource
	[21.0]		[18.0]		[24.0]		[18.0]		[18.0]		[21.0]		[21.0]		[25.0]		[19.0]		[27.0]		[27.0]		[24.0]		[24.0]		[24.0]		[24.0]		[25.0]		[24.0]		[92.0]		[92.0]		[92.0]		[92.0]		[92.0]		[92.0]		[92.0]		[92.0]		[92.0]		[92.0]		[93.0]		[93.0]		[93.0]		[0.0]		[0.0]		[0.0]		[0.0]		[0.0]		[0.0]		[0.0]		[0.0]		[0.0]		[0.0]		[0.0]		[0.0]		[0.0]		[0.0]		[0.0]		[0.0]		[0.0]		[0.0]		[0.0]		[0.0]		[0.0]		[0.0]		[0.0]		[0.0]		[0.0]		[0.0]		[0.0]		[0.0]		[0.0]		[0.0]		[0.0]		[0.0]		[0.0]		[0.0]		[0.0]		[0.0]		[0.0]		[0.0]		[0.0]		[0.0]		[0.0]		[0.0]		[0.0]		[0.0]		[0.0]		[0.0]		[0.0]		[0.0]		[0.0]	missionMakesOperativeVision
	[21.0]		[18.0]		[24.0]		[18.0]		[18.0]		[21.0]		[21.0]		[25.0]		[19.0]		[27.0]		[27.0]		[24.0]		[24.0]		[24.0]		[24.0]		[24.0]		[24.0]		[92.0]		[92.0]		[92.0]		[92.0]		[92.0]		[92.0]		[92.0]		[92.0]		[92.0]		[92.0]		[93.0]		[93.0]		[93.0]		[0.0]		[0.0]		[0.0]		[0.0]		[0.0]		[0.0]		[0.0]		[0.0]		[0.0]		[0.0]		[0.0]		[0.0]		[0.0]		[0.0]		[0.0]		[0.0]		[0.0]		[0.0]		[0.0]		[0.0]		[0.0]		[0.0]		[0.0]		[0.0]		[0.0]		[0.0]		[0.0]		[0.0]		[0.0]		[0.0]		[0.0]		[0.0]		[0.0]		[0.0]		[0.0]		[0.0]		[0.0]		[0.0]		[0.0]		[0.0]		[0.0]		[0.0]		[0.0]		[0.0]		[0.0]		[0.0]		[0.0]		[0.0]		[0.0]	enablingCourseofActionEnablesEnabledCourseOfAction
	[21.0]		[18.0]		[24.0]		[18.0]		[18.0]		[21.0]		[21.0]		[25.0]		[19.0]		[27.0]		[27.0]		[24.0]		[24.0]		[24.0]		[24.0]		[24.0]		[24.0]		[92.0]		[92.0]		[92.0]		[92.0]		[92.0]		[92.0]		[92.0]		[92.0]		[92.0]		[92.0]		[93.0]		[93.0]		[93.0]		[0.0]		[0.0]		[0.0]		[0.0]		[0.0]		[0.0]		[0.0]		[0.0]		[0.0]		[0.0]		[0.0]		[0.0]		[0.0]		[0.0]		[0.0]		[0.0]		[0.0]		[0.0]		[0.0]		[0.0]		[0.0]		[0.0]		[0.0]		[0.0]		[0.0]		[0.0]		[0.0]		[0.0]		[0.0]		[0.0]		[0.0]		[0.0]		[0.0]		[0.0]		[0.0]		[0.0]		[0.0]		[0.0]		[0.0]		[0.0]		[0.0]		[0.0]		[0.0]		[0.0]		[0.0]		[0.0]		[0.0]		[0.0]		[0.0]	broaderCourseofActionIncludesMoreSpecificCourseOfAction
	[21.0]		[18.0]		[24.0]		[18.0]		[18.0]		[21.0]		[21.0]		[25.0]		[19.0]		[27.0]		[27.0]		[24.0]		[24.0]		[24.0]		[24.0]		[24.0]		[24.0]		[92.0]		[92.0]		[92.0]		[92.0]		[92.0]		[92.0]		[92.0]		[92.0]		[92.0]		[92.0]		[93.0]		[93.0]		[93.0]		[0.0]		[0.0]		[0.0]		[0.0]		[0.0]		[0.0]		[0.0]		[0.0]		[0.0]		[0.0]		[0.0]		[0.0]		[0.0]		[0.0]		[0.0]		[0.0]		[0.0]		[0.0]		[0.0]		[0.0]		[0.0]		[0.0]		[0.0]		[0.0]		[0.0]		[0.0]		[0.0]		[0.0]		[0.0]		[0.0]		[0.0]		[0.0]		[0.0]		[0.0]		[0.0]		[0.0]		[0.0]		[0.0]		[0.0]		[0.0]		[0.0]		[0.0]		[0.0]		[0.0]		[0.0]		[0.0]		[0.0]		[0.0]		[0.0]	courseOfActionChanneIsEffortsTowardsDesiredResult
	[21.0]		[18.0]		[24.0]		[18.0]		[18.0]		[21.0]		[21.0]		[26.0]		[20.0]		[27.0]		[27.0]		[24.0]		[24.0]		[24.0]		[24.0]		[25.0]		[24.0]		[92.0]		[92.0]		[92.0]		[92.0]		[92.0]		[92.0]		[92.0]		[92.0]		[92.0]		[92.0]		[94.0]		[94.0]		[94.0]		[0.0]		[0.0]		[0.0]		[0.0]		[0.0]		[0.0]		[0.0]		[0.0]		[0.0]		[0.0]		[0.0]		[0.0]		[0.0]		[0.0]		[0.0]		[0.0]		[0.0]		[0.0]		[0.0]		[0.0]		[0.0]		[0.0]		[0.0]		[0.0]		[0.0]		[0.0]		[0.0]		[0.0]		[0.0]		[0.0]		[0.0]		[0.0]		[0.0]		[0.0]		[0.0]		[0.0]		[0.0]		[0.0]		[0.0]		[0.0]		[0.0]		[0.0]		[0.0]		[0.0]		[0.0]		[0.0]		[0.0]		[0.0]		[0.0]	courseOfActionDeployAsset
	[21.0]		[18.0]		[24.0]		[19.0]		[18.0]		[21.0]		[21.0]		[26.0]		[19.0]		[27.0]		[27.0]		[24.0]		[24.0]		[24.0]		[24.0]		[25.0]		[24.0]		[92.0]		[92.0]		[92.0]		[92.0]		[92.0]		[93.0]		[92.0]		[92.0]		[92.0]		[92.0]		[94.0]		[93.0]		[94.0]		[0.0]		[0.0]		[0.0]		[0.0]		[0.0]		[0.0]		[0.0]		[0.0]		[0.0]		[0.0]		[0.0]		[0.0]		[0.0]		[0.0]		[0.0]		[0.0]		[0.0]		[0.0]		[0.0]		[0.0]		[0.0]		[0.0]		[0.0]		[0.0]		[0.0]		[0.0]		[0.0]		[0.0]		[0.0]		[0.0]		[0.0]		[0.0]		[0.0]		[0.0]		[0.0]		[0.0]		[0.0]		[0.0]		[0.0]		[0.0]		[0.0]		[0.0]		[0.0]		[0.0]		[0.0]		[0.0]		[0.0]		[0.0]		[0.0]	courseOfActionDefiensOffering
	[22.0]		[18.0]		[24.0]		[18.0]		[18.0]		[21.0]		[21.0]		[24.0]		[18.0]		[27.0]		[27.0]		[24.0]		[24.0]		[24.0]		[24.0]		[25.0]		[24.0]		[92.0]		[92.0]		[92.0]		[92.0]		[92.0]		[92.0]		[92.0]		[92.0]		[92.0]		[92.0]		[92.0]		[92.0]		[92.0]		[0.0]		[0.0]		[0.0]		[0.0]		[0.0]		[0.0]		[0.0]		[0.0]		[0.0]		[0.0]		[0.0]		[0.0]		[0.0]		[0.0]		[0.0]		[0.0]		[0.0]		[0.0]		[0.0]		[0.0]		[0.0]		[0.0]		[0.0]		[0.0]		[0.0]		[0.0]		[0.0]		[0.0]		[0.0]		[0.0]		[0.0]		[0.0]		[0.0]		[0.0]		[0.0]		[0.0]		[0.0]		[0.0]		[0.0]		[0.0]		[0.0]		[0.0]		[0.0]		[0.0]		[0.0]		[0.0]		[0.0]		[0.0]		[0.0]	fixedAssetProvidesResource
	[21.0]		[18.0]		[24.0]		[18.0]		[18.0]		[21.0]		[21.0]		[24.0]		[18.0]		[27.0]		[27.0]		[24.0]		[24.0]		[24.0]		[24.0]		[25.0]		[24.0]		[92.0]		[92.0]		[92.0]		[92.0]		[92.0]		[92.0]		[92.0]		[92.0]		[92.0]		[92.0]		[92.0]		[92.0]		[92.0]		[0.0]		[0.0]		[0.0]		[0.0]		[0.0]		[0.0]		[0.0]		[0.0]		[0.0]		[0.0]		[0.0]		[0.0]		[0.0]		[0.0]		[0.0]		[0.0]		[0.0]		[0.0]		[0.0]		[0.0]		[0.0]		[0.0]		[0.0]		[0.0]		[0.0]		[0.0]		[0.0]		[0.0]		[0.0]		[0.0]		[0.0]		[0.0]		[0.0]		[0.0]		[0.0]		[0.0]		[0.0]		[0.0]		[0.0]		[0.0]		[0.0]		[0.0]		[0.0]		[0.0]		[0.0]		[0.0]		[0.0]		[0.0]		[0.0]	offeringRequiresResource
	[21.0]		[18.0]		[24.0]		[18.0]		[18.0]		[21.0]		[21.0]		[24.0]		[18.0]		[27.0]		[27.0]		[24.0]		[24.0]		[24.0]		[24.0]		[24.0]		[24.0]		[92.0]		[92.0]		[92.0]		[92.0]		[92.0]		[92.0]		[92.0]		[92.0]		[92.0]		[92.0]		[92.0]		[92.0]		[92.0]		[0.0]		[0.0]		[0.0]		[0.0]		[0.0]		[0.0]		[0.0]		[0.0]		[0.0]		[0.0]		[0.0]		[0.0]		[0.0]		[0.0]		[0.0]		[0.0]		[0.0]		[0.0]		[0.0]		[0.0]		[0.0]		[0.0]		[0.0]		[0.0]		[0.0]		[0.0]		[0.0]		[0.0]		[0.0]		[0.0]		[0.0]		[0.0]		[0.0]		[0.0]		[0.0]		[0.0]		[0.0]		[0.0]		[0.0]		[0.0]		[0.0]		[0.0]		[0.0]		[0.0]		[0.0]		[0.0]		[0.0]		[0.0]		[0.0]	offeringUsesFixedAsset
	[21.0]		[18.0]		[25.0]		[18.0]		[18.0]		[21.0]		[22.0]		[26.0]		[19.0]		[27.0]		[27.0]		[24.0]		[24.0]		[24.0]		[24.0]		[25.0]		[24.0]		[92.0]		[92.0]		[92.0]		[93.0]		[92.0]		[92.0]		[93.0]		[92.0]		[92.0]		[93.0]		[94.0]		[93.0]		[94.0]		[0.0]		[0.0]		[0.0]		[0.0]		[0.0]		[0.0]		[0.0]		[0.0]		[0.0]		[0.0]		[0.0]		[0.0]		[0.0]		[0.0]		[0.0]		[0.0]		[0.0]		[0.0]		[0.0]		[0.0]		[0.0]		[0.0]		[0.0]		[0.0]		[0.0]		[0.0]		[0.0]		[0.0]		[0.0]		[0.0]		[0.0]		[0.0]		[0.0]		[0.0]		[0.0]		[0.0]		[0.0]		[0.0]		[0.0]		[0.0]		[0.0]		[0.0]		[0.0]		[0.0]		[0.0]		[0.0]		[0.0]		[0.0]		[0.0]	directiveGovernsCourseOfAction
	[21.0]		[18.0]		[25.0]		[18.0]		[18.0]		[21.0]		[21.0]		[25.0]		[19.0]		[27.0]		[27.0]		[24.0]		[24.0]		[24.0]		[24.0]		[25.0]		[24.0]		[92.0]		[92.0]		[92.0]		[93.0]		[92.0]		[92.0]		[93.0]		[92.0]		[92.0]		[92.0]		[93.0]		[93.0]		[93.0]		[0.0]		[0.0]		[0.0]		[0.0]		[0.0]		[0.0]		[0.0]		[0.0]		[0.0]		[0.0]		[0.0]		[0.0]		[0.0]		[0.0]		[0.0]		[0.0]		[0.0]		[0.0]		[0.0]		[0.0]		[0.0]		[0.0]		[0.0]		[0.0]		[0.0]		[0.0]		[0.0]		[0.0]		[0.0]		[0.0]		[0.0]		[0.0]		[0.0]		[0.0]		[0.0]		[0.0]		[0.0]		[0.0]		[0.0]		[0.0]		[0.0]		[0.0]		[0.0]		[0.0]		[0.0]		[0.0]		[0.0]		[0.0]		[0.0]	directiveIsSourceOfCourseOfAction
	[21.0]		[18.0]		[25.0]		[18.0]		[18.0]		[21.0]		[21.0]		[25.0]		[19.0]		[27.0]		[27.0]		[24.0]		[24.0]		[24.0]		[24.0]		[26.0]		[24.0]		[92.0]		[92.0]		[92.0]		[93.0]		[92.0]		[92.0]		[93.0]		[92.0]		[92.0]		[92.0]		[93.0]		[93.0]		[93.0]		[0.0]		[0.0]		[0.0]		[0.0]		[0.0]		[0.0]		[0.0]		[0.0]		[0.0]		[0.0]		[0.0]		[0.0]		[0.0]		[0.0]		[0.0]		[0.0]		[0.0]		[0.0]		[0.0]		[0.0]		[0.0]		[0.0]		[0.0]		[0.0]		[0.0]		[0.0]		[0.0]		[0.0]		[0.0]		[0.0]		[0.0]		[0.0]		[0.0]		[0.0]		[0.0]		[0.0]		[0.0]		[0.0]		[0.0]		[0.0]		[0.0]		[0.0]		[0.0]		[0.0]		[0.0]		[0.0]		[0.0]		[0.0]		[0.0]	directiveActAsRegulation
	[21.0]		[18.0]		[25.0]		[18.0]		[18.0]		[21.0]		[21.0]		[25.0]		[19.0]		[27.0]		[27.0]		[24.0]		[24.0]		[24.0]		[24.0]		[25.0]		[24.0]		[92.0]		[92.0]		[92.0]		[93.0]		[92.0]		[92.0]		[93.0]		[92.0]		[92.0]		[92.0]		[93.0]		[93.0]		[93.0]		[0.0]		[0.0]		[0.0]		[0.0]		[0.0]		[0.0]		[0.0]		[0.0]		[0.0]		[0.0]		[0.0]		[0.0]		[0.0]		[0.0]		[0.0]		[0.0]		[0.0]		[0.0]		[0.0]		[0.0]		[0.0]		[0.0]		[0.0]		[0.0]		[0.0]		[0.0]		[0.0]		[0.0]		[0.0]		[0.0]		[0.0]		[0.0]		[0.0]		[0.0]		[0.0]		[0.0]		[0.0]		[0.0]		[0.0]		[0.0]		[0.0]		[0.0]		[0.0]		[0.0]		[0.0]		[0.0]		[0.0]		[0.0]		[0.0]	directiveSupportsAchievementOfDesiredResult
	[21.0]		[18.0]		[25.0]		[18.0]		[18.0]		[21.0]		[22.0]		[25.0]		[19.0]		[27.0]		[27.0]		[24.0]		[24.0]		[24.0]		[24.0]		[24.0]		[24.0]		[92.0]		[92.0]		[92.0]		[93.0]		[92.0]		[92.0]		[93.0]		[92.0]		[92.0]		[93.0]		[93.0]		[93.0]		[93.0]		[0.0]		[0.0]		[0.0]		[0.0]		[0.0]		[0.0]		[0.0]		[0.0]		[0.0]		[0.0]		[0.0]		[0.0]		[0.0]		[0.0]		[0.0]		[0.0]		[0.0]		[0.0]		[0.0]		[0.0]		[0.0]		[0.0]		[0.0]		[0.0]		[0.0]		[0.0]		[0.0]		[0.0]		[0.0]		[0.0]		[0.0]		[0.0]		[0.0]		[0.0]		[0.0]		[0.0]		[0.0]		[0.0]		[0.0]		[0.0]		[0.0]		[0.0]		[0.0]		[0.0]		[0.0]		[0.0]		[0.0]		[0.0]		[0.0]	directiveGovernsUseOfAsset
	[21.0]		[18.0]		[24.0]		[18.0]		[18.0]		[21.0]		[21.0]		[25.0]		[19.0]		[27.0]		[27.0]		[24.0]		[24.0]		[24.0]		[24.0]		[25.0]		[24.0]		[92.0]		[92.0]		[92.0]		[92.0]		[92.0]		[92.0]		[92.0]		[92.0]		[92.0]		[92.0]		[93.0]		[93.0]		[93.0]		[0.0]		[0.0]		[0.0]		[0.0]		[0.0]		[0.0]		[0.0]		[0.0]		[0.0]		[0.0]		[0.0]		[0.0]		[0.0]		[0.0]		[0.0]		[0.0]		[0.0]		[0.0]		[0.0]		[0.0]		[0.0]		[0.0]		[0.0]		[0.0]		[0.0]		[0.0]		[0.0]		[0.0]		[0.0]		[0.0]		[0.0]		[0.0]		[0.0]		[0.0]		[0.0]		[0.0]		[0.0]		[0.0]		[0.0]		[0.0]		[0.0]		[0.0]		[0.0]		[0.0]		[0.0]		[0.0]		[0.0]		[0.0]		[0.0]	strategyIsAComponentOfThePlanForMission
	[21.0]		[18.0]		[24.0]		[18.0]		[18.0]		[21.0]		[22.0]		[25.0]		[19.0]		[28.0]		[27.0]		[24.0]		[24.0]		[24.0]		[24.0]		[25.0]		[24.0]		[92.0]		[92.0]		[92.0]		[92.0]		[92.0]		[92.0]		[92.0]		[92.0]		[92.0]		[93.0]		[93.0]		[93.0]		[93.0]		[0.0]		[0.0]		[0.0]		[0.0]		[0.0]		[0.0]		[0.0]		[0.0]		[0.0]		[0.0]		[0.0]		[0.0]		[0.0]		[0.0]		[0.0]		[0.0]		[0.0]		[0.0]		[0.0]		[0.0]		[0.0]		[0.0]		[0.0]		[0.0]		[0.0]		[0.0]		[0.0]		[0.0]		[0.0]		[0.0]		[0.0]		[0.0]		[0.0]		[0.0]		[0.0]		[0.0]		[0.0]		[0.0]		[0.0]		[0.0]		[0.0]		[0.0]		[0.0]		[0.0]		[0.0]		[0.0]		[0.0]		[0.0]		[0.0]	strategyDeterminesOrganizationUnit
	[21.0]		[18.0]		[24.0]		[18.0]		[18.0]		[21.0]		[21.0]		[25.0]		[19.0]		[27.0]		[27.0]		[24.0]		[24.0]		[24.0]		[24.0]		[24.0]		[24.0]		[92.0]		[92.0]		[92.0]		[92.0]		[92.0]		[92.0]		[92.0]		[92.0]		[92.0]		[92.0]		[93.0]		[93.0]		[93.0]		[0.0]		[0.0]		[0.0]		[0.0]		[0.0]		[0.0]		[0.0]		[0.0]		[0.0]		[0.0]		[0.0]		[0.0]		[0.0]		[0.0]		[0.0]		[0.0]		[0.0]		[0.0]		[0.0]		[0.0]		[0.0]		[0.0]		[0.0]		[0.0]		[0.0]		[0.0]		[0.0]		[0.0]		[0.0]		[0.0]		[0.0]		[0.0]		[0.0]		[0.0]		[0.0]		[0.0]		[0.0]		[0.0]		[0.0]		[0.0]		[0.0]		[0.0]		[0.0]		[0.0]		[0.0]		[0.0]		[0.0]		[0.0]		[0.0]	tacticImplementsStrategy
	[21.0]		[18.0]		[24.0]		[18.0]		[18.0]		[22.0]		[21.0]		[25.0]		[19.0]		[28.0]		[28.0]		[24.0]		[24.0]		[24.0]		[24.0]		[25.0]		[24.0]		[92.0]		[92.0]		[92.0]		[92.0]		[92.0]		[92.0]		[92.0]		[93.0]		[92.0]		[92.0]		[93.0]		[93.0]		[93.0]		[0.0]		[0.0]		[0.0]		[0.0]		[0.0]		[0.0]		[0.0]		[0.0]		[0.0]		[0.0]		[0.0]		[0.0]		[0.0]		[0.0]		[0.0]		[0.0]		[0.0]		[0.0]		[0.0]		[0.0]		[0.0]		[0.0]		[0.0]		[0.0]		[0.0]		[0.0]		[0.0]		[0.0]		[0.0]		[0.0]		[0.0]		[0.0]		[0.0]		[0.0]		[0.0]		[0.0]		[0.0]		[0.0]		[0.0]		[0.0]		[0.0]		[0.0]		[0.0]		[0.0]		[0.0]		[0.0]		[0.0]		[0.0]		[0.0]	tacticEffectsEnforcementLevelOfBusinessRule
	[22.0]		[18.0]		[24.0]		[18.0]		[18.0]		[22.0]		[21.0]		[24.0]		[18.0]		[28.0]		[28.0]		[24.0]		[24.0]		[24.0]		[24.0]		[25.0]		[24.0]		[92.0]		[92.0]		[92.0]		[92.0]		[92.0]		[92.0]		[92.0]		[93.0]		[92.0]		[92.0]		[92.0]		[92.0]		[92.0]		[0.0]		[0.0]		[0.0]		[0.0]		[0.0]		[0.0]		[0.0]		[0.0]		[0.0]		[0.0]		[0.0]		[0.0]		[0.0]		[0.0]		[0.0]		[0.0]		[0.0]		[0.0]		[0.0]		[0.0]		[0.0]		[0.0]		[0.0]		[0.0]		[0.0]		[0.0]		[0.0]		[0.0]		[0.0]		[0.0]		[0.0]		[0.0]		[0.0]		[0.0]		[0.0]		[0.0]		[0.0]		[0.0]		[0.0]		[0.0]		[0.0]		[0.0]		[0.0]		[0.0]		[0.0]		[0.0]		[0.0]		[0.0]		[0.0]	businessRuleGuidesBusinessProcess
	[21.0]		[18.0]		[24.0]		[18.0]		[18.0]		[22.0]		[21.0]		[24.0]		[18.0]		[28.0]		[28.0]		[24.0]		[24.0]		[24.0]		[24.0]		[25.0]		[24.0]		[92.0]		[92.0]		[92.0]		[92.0]		[92.0]		[92.0]		[92.0]		[93.0]		[92.0]		[92.0]		[92.0]		[92.0]		[92.0]		[0.0]		[0.0]		[0.0]		[0.0]		[0.0]		[0.0]		[0.0]		[0.0]		[0.0]		[0.0]		[0.0]		[0.0]		[0.0]		[0.0]		[0.0]		[0.0]		[0.0]		[0.0]		[0.0]		[0.0]		[0.0]		[0.0]		[0.0]		[0.0]		[0.0]		[0.0]		[0.0]		[0.0]		[0.0]		[0.0]		[0.0]		[0.0]		[0.0]		[0.0]		[0.0]		[0.0]		[0.0]		[0.0]		[0.0]		[0.0]		[0.0]		[0.0]		[0.0]		[0.0]		[0.0]		[0.0]		[0.0]		[0.0]		[0.0]	businessPolicyIsBasisForBusinessRule
	[21.0]		[18.0]		[24.0]		[18.0]		[18.0]		[21.0]		[21.0]		[24.0]		[18.0]		[27.0]		[27.0]		[24.0]		[24.0]		[24.0]		[24.0]		[24.0]		[24.0]		[92.0]		[92.0]		[92.0]		[92.0]		[92.0]		[92.0]		[92.0]		[92.0]		[92.0]		[92.0]		[92.0]		[92.0]		[92.0]		[0.0]		[0.0]		[0.0]		[0.0]		[0.0]		[0.0]		[0.0]		[0.0]		[0.0]		[0.0]		[0.0]		[0.0]		[0.0]		[0.0]		[0.0]		[0.0]		[0.0]		[0.0]		[0.0]		[0.0]		[0.0]		[0.0]		[0.0]		[0.0]		[0.0]		[0.0]		[0.0]		[0.0]		[0.0]		[0.0]		[0.0]		[0.0]		[0.0]		[0.0]		[0.0]		[0.0]		[0.0]		[0.0]		[0.0]		[0.0]		[0.0]		[0.0]		[0.0]		[0.0]		[0.0]		[0.0]		[0.0]		[0.0]		[0.0]	broaderBusinessPolicyIncludesMoreSpecificBusinessPolicy
	[22.0]		[18.0]		[24.0]		[18.0]		[18.0]		[21.0]		[22.0]		[24.0]		[18.0]		[27.0]		[27.0]		[24.0]		[24.0]		[24.0]		[24.0]		[25.0]		[24.0]		[92.0]		[92.0]		[92.0]		[92.0]		[92.0]		[92.0]		[92.0]		[92.0]		[92.0]		[93.0]		[92.0]		[92.0]		[92.0]		[0.0]		[0.0]		[0.0]		[0.0]		[0.0]		[0.0]		[0.0]		[0.0]		[0.0]		[0.0]		[0.0]		[0.0]		[0.0]		[0.0]		[0.0]		[0.0]		[0.0]		[0.0]		[0.0]		[0.0]		[0.0]		[0.0]		[0.0]		[0.0]		[0.0]		[0.0]		[0.0]		[0.0]		[0.0]		[0.0]		[0.0]		[0.0]		[0.0]		[0.0]		[0.0]		[0.0]		[0.0]		[0.0]		[0.0]		[0.0]		[0.0]		[0.0]		[0.0]		[0.0]		[0.0]		[0.0]		[0.0]		[0.0]		[0.0]	businessPolicyGovernsBusinessProcess
	[21.0]		[18.0]		[24.0]		[18.0]		[18.0]		[21.0]		[21.0]		[24.0]		[18.0]		[27.0]		[27.0]		[24.0]		[24.0]		[24.0]		[24.0]		[24.0]		[24.0]		[92.0]		[92.0]		[92.0]		[92.0]		[92.0]		[92.0]		[92.0]		[92.0]		[92.0]		[92.0]		[92.0]		[92.0]		[92.0]		[0.0]		[0.0]		[0.0]		[0.0]		[0.0]		[0.0]		[0.0]		[0.0]		[0.0]		[0.0]		[0.0]		[0.0]		[0.0]		[0.0]		[0.0]		[0.0]		[0.0]		[0.0]		[0.0]		[0.0]		[0.0]		[0.0]		[0.0]		[0.0]		[0.0]		[0.0]		[0.0]		[0.0]		[0.0]		[0.0]		[0.0]		[0.0]		[0.0]		[0.0]		[0.0]		[0.0]		[0.0]		[0.0]		[0.0]		[0.0]		[0.0]		[0.0]		[0.0]		[0.0]		[0.0]		[0.0]		[0.0]		[0.0]		[0.0]	broaderDesiredResultIncludesMoreSpecificDesiredResult
	[21.0]		[18.0]		[24.0]		[19.0]		[18.0]		[21.0]		[21.0]		[25.0]		[19.0]		[27.0]		[27.0]		[24.0]		[24.0]		[24.0]		[24.0]		[26.0]		[24.0]		[92.0]		[92.0]		[92.0]		[92.0]		[92.0]		[93.0]		[92.0]		[92.0]		[92.0]		[92.0]		[93.0]		[93.0]		[93.0]		[0.0]		[0.0]		[0.0]		[0.0]		[0.0]		[0.0]		[0.0]		[0.0]		[0.0]		[0.0]		[0.0]		[0.0]		[0.0]		[0.0]		[0.0]		[0.0]		[0.0]		[0.0]		[0.0]		[0.0]		[0.0]		[0.0]		[0.0]		[0.0]		[0.0]		[0.0]		[0.0]		[0.0]		[0.0]		[0.0]		[0.0]		[0.0]		[0.0]		[0.0]		[0.0]		[0.0]		[0.0]		[0.0]		[0.0]		[0.0]		[0.0]		[0.0]		[0.0]		[0.0]		[0.0]		[0.0]		[0.0]		[0.0]		[0.0]	goalAmplidfiesVision
	[21.0]		[18.0]		[24.0]		[19.0]		[18.0]		[21.0]		[21.0]		[25.0]		[19.0]		[27.0]		[27.0]		[24.0]		[24.0]		[24.0]		[24.0]		[24.0]		[24.0]		[92.0]		[92.0]		[92.0]		[92.0]		[92.0]		[93.0]		[92.0]		[92.0]		[92.0]		[92.0]		[93.0]		[93.0]		[93.0]		[0.0]		[0.0]		[0.0]		[0.0]		[0.0]		[0.0]		[0.0]		[0.0]		[0.0]		[0.0]		[0.0]		[0.0]		[0.0]		[0.0]		[0.0]		[0.0]		[0.0]		[0.0]		[0.0]		[0.0]		[0.0]		[0.0]		[0.0]		[0.0]		[0.0]		[0.0]		[0.0]		[0.0]		[0.0]		[0.0]		[0.0]		[0.0]		[0.0]		[0.0]		[0.0]		[0.0]		[0.0]		[0.0]		[0.0]		[0.0]		[0.0]		[0.0]		[0.0]		[0.0]		[0.0]		[0.0]		[0.0]		[0.0]		[0.0]	objectiveQuantifiesGoal
	AWKProgram		File		Record		Field		Script		Rule		Pattern		Action		Instruction		InitialRule		FinalRule		name		name		value		name		regularExpression		value		input		output		script		records		r_file		fields		f_record		rules		r_script		pattern		action		instructions		i_action		slack_0		slack_1		slack_2		slack_3		slack_4		slack_5		slack_6		slack_7		slack_8		slack_9		slack_10		slack_11		slack_12		slack_13		slack_14		slack_15		slack_16		slack_17		slack_18		slack_19		slack_20		slack_21		slack_22		slack_23		slack_24		slack_25		slack_26		slack_27		slack_28		slack_29		slack_30		slack_31		slack_32		slack_33		slack_34		slack_35		slack_36		slack_37		slack_38		slack_39		slack_40		slack_41		slack_42		slack_43		slack_44		slack_45		slack_46		slack_47		slack_48	
matching: { 
	PotentialImpact------(88.0)----------Rule  
	Goal------(83.0)----------Field  
	OrganizationUnit------(85.0)----------Instruction  
	Offering------(89.0)----------Record  
	InfluencingOrganization------(83.0)----------Script  
	BusinessProcess------(82.0)----------File  
	PotentialReward------(95.0)----------InitialRule  
	Risk------(92.0)----------FinalRule  
	Tactic------(90.0)----------Action  
	organizationUnitActAsInfluencingOrganization------(25.0)----------value  
	InfluencerCategory------(25.0)----------value  
	MotivationElement------(84.0)----------AWKProgram  
	Regulation------(83.0)----------Pattern  
	directiveActAsRegulation------(26.0)----------regularExpression  
	strategyDeterminesOrganizationUnit------(93.0)----------pattern  
	businessRuleGuidesBusinessProcess------(93.0)----------rules  
	directiveGovernsUseOfAsset------(93.0)----------records  
	goalAmplidfiesVision------(93.0)----------fields  
	directiveSupportsAchievementOfDesiredResult------(93.0)----------f_record  
	broaderDesiredResultIncludesMoreSpecificDesiredResult------(92.0)----------output  
	broaderBusinessPolicyIncludesMoreSpecificBusinessPolicy------(92.0)----------script  
	businessPolicyIsBasisForBusinessRule------(92.0)----------r_file  
	tacticEffectsEnforcementLevelOfBusinessRule------(92.0)----------r_script  
	directiveIsSourceOfCourseOfAction------(0.0)----------slack_1  
	offeringRequiresResource------(0.0)----------slack_2  
	potentialImpactProvidesImpetusForDirective------(0.0)----------slack_3  
	businessPolicyGovernsBusinessProcess------(0.0)----------slack_4  
	fixedAssetProvidesResource------(0.0)----------slack_5  
	broaderCourseofActionIncludesMoreSpecificCourseOfAction------(0.0)----------slack_6  
	organizationUnitRecognizesInfluencer------(0.0)----------slack_7  
	tacticImplementsStrategy------(0.0)----------slack_8  
	enablingCourseofActionEnablesEnabledCourseOfAction------(0.0)----------slack_9  
	liabilityClaimsResource------(0.0)----------slack_10  
	Resource------(0.0)----------slack_11  
	businessProcessManagerAsset------(0.0)----------slack_12  
	organizationUnitIsResponsibleForBusinessProcess------(0.0)----------slack_13  
	organizationUnitMakesAssessment------(0.0)----------slack_14  
	organizationUnitDefinesEnd------(0.0)----------slack_15  
	offeringUsesFixedAsset------(0.0)----------slack_16  
	assessmentJudgmentOfInfluencer------(0.0)----------slack_17  
	organizationCategoryCategorizesInfluencingOrganization------(0.0)----------slack_18  
	courseOfActionChanneIsEffortsTowardsDesiredResult------(0.0)----------slack_19  
	assessmentCategoryCategoriesAssessment------(0.0)----------slack_20  
	influencerCategoryCategorizesInfluencer------(0.0)----------slack_21  
	organizationUnitIsResponsibleForLiability------(0.0)----------slack_22  
	missionMakesOperativeVision------(0.0)----------slack_23  
	organizationUnitIsResponsibleForAsset------(0.0)----------slack_24  
	businessProcessDeliversOfeering------(0.0)----------slack_25  
	organizationUnitEstablishesMeans------(0.0)----------slack_26  
	businessProcessRealizesCourseOfAction------(0.0)----------slack_27  
	influencingOrganizationIsSourceOfInfluencer------(0.0)----------slack_28  
	usingAssessmentUsesUsedAssessment------(0.0)----------slack_29  
	assessmentProvidesImpetusForDirective------(0.0)----------slack_30  
	AssessmentCategory------(0.0)----------slack_31  
	Vision------(0.0)----------slack_32  
	Objective------(0.0)----------slack_33  
	OrganizationCategory------(0.0)----------slack_34  
	Assessment------(0.0)----------slack_35  
	BusinessRule------(0.0)----------slack_36  
	Influencer------(0.0)----------slack_37  
	Liability------(0.0)----------slack_38  
	Asset------(0.0)----------slack_39  
	Means------(0.0)----------slack_40  
	Directive------(0.0)----------slack_41  
	Strategy------(0.0)----------slack_42  
	BusinessPolicy------(0.0)----------slack_43  
	End------(0.0)----------slack_44  
	Mission------(0.0)----------slack_45  
	DesiredResult------(0.0)----------slack_46  
	CourseOfAction------(0.0)----------slack_47  
	FixedAsset------(0.0)----------slack_48  
	description------(92.0)----------name  
	objectiveQuantifiesGoal------(24.0)----------name  
	name------(100.0)----------name  
	assessmentIdentifiesPotentialImpact------(92.0)----------input  
	directiveGovernsCourseOfAction------(94.0)----------action  
	strategyIsAComponentOfThePlanForMission------(0.0)----------slack_0  
	courseOfActionDefiensOffering------(94.0)----------i_action  
	courseOfActionDeployAsset------(94.0)----------instructions  } 
Score (structural): 0,31