
33 X 33
	[82.0]		[84.0]		[91.0]		[85.0]		[86.0]		[87.0]		[82.0]		[92.0]		[85.0]		[83.0]		[83.0]		[24.0]		[24.0]		[24.0]		[24.0]		[24.0]		[24.0]		[24.0]		[24.0]		[24.0]		[24.0]		[24.0]		[24.0]		[24.0]		[24.0]		[24.0]		[24.0]		[24.0]		[24.0]		[24.0]		[0.0]		[0.0]		[0.0]	Viewpoint
	[80.0]		[81.0]		[89.0]		[82.0]		[83.0]		[85.0]		[88.0]		[89.0]		[82.0]		[86.0]		[86.0]		[27.0]		[27.0]		[27.0]		[27.0]		[27.0]		[27.0]		[27.0]		[27.0]		[27.0]		[27.0]		[27.0]		[27.0]		[27.0]		[27.0]		[27.0]		[30.0]		[27.0]		[27.0]		[27.0]		[0.0]		[0.0]		[0.0]	Concern
	[82.0]		[85.0]		[90.0]		[86.0]		[85.0]		[88.0]		[83.0]		[91.0]		[86.0]		[83.0]		[83.0]		[24.0]		[24.0]		[24.0]		[24.0]		[24.0]		[24.0]		[24.0]		[24.0]		[24.0]		[24.0]		[24.0]		[24.0]		[24.0]		[24.0]		[24.0]		[24.0]		[24.0]		[24.0]		[24.0]		[0.0]		[0.0]		[0.0]	Stakeholder
	[80.0]		[82.0]		[88.0]		[83.0]		[82.0]		[86.0]		[86.0]		[88.0]		[83.0]		[86.0]		[86.0]		[27.0]		[27.0]		[27.0]		[27.0]		[27.0]		[27.0]		[27.0]		[27.0]		[27.0]		[27.0]		[27.0]		[27.0]		[27.0]		[27.0]		[27.0]		[27.0]		[27.0]		[27.0]		[27.0]		[0.0]		[0.0]		[0.0]	ViewpointImport
	[81.0]		[83.0]		[92.0]		[84.0]		[85.0]		[86.0]		[82.0]		[91.0]		[84.0]		[83.0]		[83.0]		[24.0]		[24.0]		[24.0]		[24.0]		[24.0]		[24.0]		[24.0]		[24.0]		[24.0]		[24.0]		[24.0]		[24.0]		[24.0]		[24.0]		[24.0]		[24.0]		[24.0]		[24.0]		[24.0]		[0.0]		[0.0]		[0.0]	ViewpointDependency
	[84.0]		[85.0]		[90.0]		[86.0]		[85.0]		[88.0]		[83.0]		[91.0]		[86.0]		[83.0]		[83.0]		[24.0]		[24.0]		[24.0]		[24.0]		[25.0]		[24.0]		[24.0]		[24.0]		[24.0]		[24.0]		[24.0]		[24.0]		[24.0]		[24.0]		[24.0]		[24.0]		[24.0]		[24.0]		[24.0]		[0.0]		[0.0]		[0.0]	Process
	[81.0]		[83.0]		[92.0]		[84.0]		[85.0]		[86.0]		[82.0]		[91.0]		[84.0]		[83.0]		[83.0]		[24.0]		[24.0]		[24.0]		[24.0]		[24.0]		[24.0]		[24.0]		[24.0]		[24.0]		[24.0]		[24.0]		[24.0]		[24.0]		[24.0]		[24.0]		[24.0]		[24.0]		[24.0]		[24.0]		[0.0]		[0.0]		[0.0]	Technique
	[82.0]		[85.0]		[90.0]		[86.0]		[85.0]		[88.0]		[83.0]		[91.0]		[86.0]		[83.0]		[85.0]		[24.0]		[24.0]		[24.0]		[24.0]		[24.0]		[24.0]		[24.0]		[24.0]		[24.0]		[24.0]		[24.0]		[24.0]		[24.0]		[24.0]		[24.0]		[24.0]		[24.0]		[24.0]		[24.0]		[0.0]		[0.0]		[0.0]	AnalysisMethod
	[77.0]		[79.0]		[85.0]		[80.0]		[79.0]		[88.0]		[83.0]		[85.0]		[83.0]		[83.0]		[83.0]		[24.0]		[24.0]		[24.0]		[24.0]		[24.0]		[24.0]		[24.0]		[24.0]		[24.0]		[24.0]		[24.0]		[24.0]		[24.0]		[24.0]		[24.0]		[24.0]		[24.0]		[27.0]		[24.0]		[0.0]		[0.0]		[0.0]	ArchitecturalConstruct
	[75.0]		[78.0]		[85.0]		[79.0]		[78.0]		[94.0]		[77.0]		[84.0]		[79.0]		[86.0]		[87.0]		[18.0]		[18.0]		[18.0]		[18.0]		[18.0]		[18.0]		[18.0]		[18.0]		[18.0]		[18.0]		[18.0]		[18.0]		[18.0]		[24.0]		[18.0]		[18.0]		[18.0]		[18.0]		[18.0]		[0.0]		[0.0]		[0.0]	Rule
	[80.0]		[77.0]		[83.0]		[77.0]		[77.0]		[80.0]		[80.0]		[85.0]		[79.0]		[92.0]		[92.0]		[27.0]		[27.0]		[27.0]		[27.0]		[28.0]		[27.0]		[27.0]		[27.0]		[27.0]		[27.0]		[27.0]		[27.0]		[27.0]		[27.0]		[27.0]		[27.0]		[29.0]		[29.0]		[29.0]		[0.0]		[0.0]		[0.0]	ModelOrganization
	[83.0]		[80.0]		[86.0]		[80.0]		[80.0]		[85.0]		[83.0]		[86.0]		[80.0]		[91.0]		[91.0]		[30.0]		[30.0]		[30.0]		[30.0]		[30.0]		[30.0]		[30.0]		[30.0]		[30.0]		[30.0]		[30.0]		[30.0]		[30.0]		[32.0]		[30.0]		[30.0]		[30.0]		[30.0]		[30.0]		[0.0]		[0.0]		[0.0]	ModellingRule
	[77.0]		[78.0]		[85.0]		[79.0]		[79.0]		[82.0]		[82.0]		[85.0]		[79.0]		[89.0]		[89.0]		[24.0]		[24.0]		[24.0]		[24.0]		[24.0]		[24.0]		[24.0]		[24.0]		[24.0]		[24.0]		[24.0]		[24.0]		[24.0]		[24.0]		[24.0]		[24.0]		[24.0]		[24.0]		[24.0]		[0.0]		[0.0]		[0.0]	Language
	[81.0]		[79.0]		[86.0]		[79.0]		[79.0]		[81.0]		[77.0]		[85.0]		[79.0]		[89.0]		[89.0]		[24.0]		[24.0]		[24.0]		[24.0]		[24.0]		[24.0]		[24.0]		[24.0]		[24.0]		[24.0]		[24.0]		[24.0]		[24.0]		[24.0]		[24.0]		[24.0]		[24.0]		[24.0]		[24.0]		[0.0]		[0.0]		[0.0]	Mapping
	[80.0]		[77.0]		[83.0]		[77.0]		[77.0]		[80.0]		[88.0]		[83.0]		[77.0]		[92.0]		[92.0]		[27.0]		[27.0]		[27.0]		[27.0]		[27.0]		[27.0]		[27.0]		[27.0]		[27.0]		[27.0]		[27.0]		[27.0]		[27.0]		[27.0]		[27.0]		[35.0]		[27.0]		[27.0]		[27.0]		[0.0]		[0.0]		[0.0]	Pattern
	[21.0]		[18.0]		[24.0]		[18.0]		[18.0]		[21.0]		[21.0]		[24.0]		[18.0]		[27.0]		[27.0]		[24.0]		[24.0]		[24.0]		[24.0]		[24.0]		[24.0]		[92.0]		[92.0]		[92.0]		[92.0]		[92.0]		[92.0]		[92.0]		[92.0]		[92.0]		[92.0]		[92.0]		[92.0]		[92.0]		[0.0]		[0.0]		[0.0]	source
	[21.0]		[18.0]		[24.0]		[18.0]		[18.0]		[21.0]		[21.0]		[24.0]		[18.0]		[27.0]		[27.0]		[24.0]		[24.0]		[24.0]		[24.0]		[24.0]		[24.0]		[92.0]		[92.0]		[92.0]		[92.0]		[92.0]		[92.0]		[92.0]		[92.0]		[92.0]		[92.0]		[92.0]		[92.0]		[92.0]		[0.0]		[0.0]		[0.0]	covers
	[21.0]		[18.0]		[24.0]		[18.0]		[18.0]		[21.0]		[21.0]		[24.0]		[18.0]		[27.0]		[27.0]		[24.0]		[24.0]		[24.0]		[24.0]		[24.0]		[24.0]		[92.0]		[92.0]		[92.0]		[92.0]		[92.0]		[92.0]		[92.0]		[92.0]		[92.0]		[92.0]		[92.0]		[92.0]		[92.0]		[0.0]		[0.0]		[0.0]	supplierDependency
	[21.0]		[18.0]		[24.0]		[18.0]		[18.0]		[21.0]		[21.0]		[24.0]		[18.0]		[27.0]		[27.0]		[24.0]		[24.0]		[24.0]		[24.0]		[24.0]		[24.0]		[92.0]		[92.0]		[92.0]		[92.0]		[92.0]		[92.0]		[92.0]		[92.0]		[92.0]		[92.0]		[92.0]		[92.0]		[92.0]		[0.0]		[0.0]		[0.0]	clientDependency
	[21.0]		[18.0]		[24.0]		[18.0]		[18.0]		[21.0]		[21.0]		[24.0]		[18.0]		[27.0]		[27.0]		[24.0]		[24.0]		[24.0]		[24.0]		[24.0]		[24.0]		[92.0]		[92.0]		[92.0]		[92.0]		[92.0]		[92.0]		[92.0]		[92.0]		[92.0]		[92.0]		[92.0]		[92.0]		[92.0]		[0.0]		[0.0]		[0.0]	isImportTo
	[21.0]		[18.0]		[24.0]		[18.0]		[18.0]		[21.0]		[21.0]		[24.0]		[21.0]		[27.0]		[27.0]		[24.0]		[24.0]		[24.0]		[24.0]		[24.0]		[24.0]		[92.0]		[92.0]		[92.0]		[92.0]		[92.0]		[92.0]		[92.0]		[92.0]		[92.0]		[92.0]		[92.0]		[95.0]		[92.0]		[0.0]		[0.0]		[0.0]	architecturalConstruct
	[23.0]		[18.0]		[24.0]		[18.0]		[18.0]		[21.0]		[21.0]		[24.0]		[18.0]		[27.0]		[27.0]		[24.0]		[24.0]		[24.0]		[24.0]		[25.0]		[24.0]		[92.0]		[92.0]		[92.0]		[92.0]		[92.0]		[92.0]		[92.0]		[92.0]		[92.0]		[92.0]		[92.0]		[92.0]		[92.0]		[0.0]		[0.0]		[0.0]	process
	[21.0]		[18.0]		[24.0]		[18.0]		[18.0]		[21.0]		[24.0]		[24.0]		[18.0]		[27.0]		[27.0]		[24.0]		[24.0]		[24.0]		[24.0]		[24.0]		[24.0]		[92.0]		[92.0]		[92.0]		[92.0]		[92.0]		[92.0]		[92.0]		[92.0]		[92.0]		[95.0]		[92.0]		[92.0]		[92.0]		[0.0]		[0.0]		[0.0]	concerns
	[21.0]		[18.0]		[24.0]		[18.0]		[18.0]		[21.0]		[21.0]		[24.0]		[18.0]		[27.0]		[27.0]		[24.0]		[24.0]		[24.0]		[24.0]		[24.0]		[24.0]		[92.0]		[92.0]		[92.0]		[92.0]		[92.0]		[92.0]		[92.0]		[92.0]		[92.0]		[92.0]		[92.0]		[92.0]		[92.0]		[0.0]		[0.0]		[0.0]	supplier
	[21.0]		[18.0]		[24.0]		[18.0]		[18.0]		[21.0]		[21.0]		[24.0]		[18.0]		[27.0]		[27.0]		[24.0]		[24.0]		[24.0]		[24.0]		[24.0]		[24.0]		[92.0]		[92.0]		[92.0]		[92.0]		[92.0]		[92.0]		[92.0]		[92.0]		[92.0]		[92.0]		[92.0]		[92.0]		[92.0]		[0.0]		[0.0]		[0.0]	client
	[21.0]		[18.0]		[24.0]		[18.0]		[18.0]		[21.0]		[21.0]		[24.0]		[18.0]		[27.0]		[27.0]		[24.0]		[24.0]		[24.0]		[24.0]		[24.0]		[24.0]		[92.0]		[92.0]		[92.0]		[92.0]		[92.0]		[92.0]		[92.0]		[92.0]		[92.0]		[92.0]		[92.0]		[92.0]		[92.0]		[0.0]		[0.0]		[0.0]	methodology
	[21.0]		[18.0]		[24.0]		[18.0]		[18.0]		[21.0]		[21.0]		[24.0]		[18.0]		[27.0]		[27.0]		[24.0]		[24.0]		[24.0]		[24.0]		[24.0]		[24.0]		[92.0]		[92.0]		[92.0]		[92.0]		[92.0]		[92.0]		[92.0]		[92.0]		[92.0]		[92.0]		[92.0]		[92.0]		[92.0]		[0.0]		[0.0]		[0.0]	methods
	[21.0]		[18.0]		[24.0]		[18.0]		[18.0]		[21.0]		[21.0]		[24.0]		[18.0]		[27.0]		[27.0]		[24.0]		[24.0]		[24.0]		[24.0]		[24.0]		[24.0]		[92.0]		[92.0]		[92.0]		[92.0]		[92.0]		[92.0]		[92.0]		[92.0]		[92.0]		[92.0]		[92.0]		[92.0]		[92.0]		[0.0]		[0.0]		[0.0]	applies
	[21.0]		[18.0]		[24.0]		[18.0]		[18.0]		[21.0]		[21.0]		[24.0]		[18.0]		[27.0]		[30.0]		[24.0]		[24.0]		[24.0]		[24.0]		[24.0]		[24.0]		[92.0]		[92.0]		[92.0]		[92.0]		[92.0]		[92.0]		[92.0]		[92.0]		[92.0]		[92.0]		[92.0]		[92.0]		[92.0]		[0.0]		[0.0]		[0.0]	analysis
	[21.0]		[18.0]		[24.0]		[18.0]		[18.0]		[21.0]		[21.0]		[24.0]		[18.0]		[27.0]		[27.0]		[24.0]		[24.0]		[24.0]		[24.0]		[24.0]		[24.0]		[92.0]		[92.0]		[92.0]		[92.0]		[92.0]		[92.0]		[92.0]		[92.0]		[92.0]		[92.0]		[92.0]		[92.0]		[92.0]		[0.0]		[0.0]		[0.0]	techniques
	[21.0]		[18.0]		[24.0]		[18.0]		[18.0]		[21.0]		[21.0]		[24.0]		[18.0]		[27.0]		[27.0]		[24.0]		[24.0]		[24.0]		[24.0]		[24.0]		[24.0]		[92.0]		[92.0]		[92.0]		[92.0]		[92.0]		[92.0]		[92.0]		[92.0]		[92.0]		[92.0]		[92.0]		[92.0]		[92.0]		[0.0]		[0.0]		[0.0]	guidance
	[21.0]		[18.0]		[24.0]		[18.0]		[18.0]		[21.0]		[21.0]		[24.0]		[18.0]		[27.0]		[27.0]		[24.0]		[24.0]		[24.0]		[24.0]		[24.0]		[24.0]		[100.0]		[96.0]		[92.0]		[92.0]		[92.0]		[92.0]		[92.0]		[92.0]		[92.0]		[92.0]		[92.0]		[92.0]		[92.0]		[0.0]		[0.0]		[0.0]	input
	[21.0]		[18.0]		[24.0]		[18.0]		[18.0]		[21.0]		[21.0]		[24.0]		[18.0]		[27.0]		[27.0]		[24.0]		[24.0]		[24.0]		[24.0]		[24.0]		[24.0]		[97.0]		[96.0]		[92.0]		[92.0]		[92.0]		[92.0]		[92.0]		[92.0]		[92.0]		[92.0]		[92.0]		[92.0]		[92.0]		[0.0]		[0.0]		[0.0]	ouput
	AWKProgram		File		Record		Field		Script		Rule		Pattern		Action		Instruction		InitialRule		FinalRule		name		name		value		name		regularExpression		value		input		output		script		records		r_file		fields		f_record		rules		r_script		pattern		action		instructions		i_action		slack_0		slack_1		slack_2	
matching: { 
	concerns------(95.0)----------pattern  
	applies------(0.0)----------slack_0  
	source------(0.0)----------slack_1  
	methods------(0.0)----------slack_2  
	Stakeholder------(85.0)----------File  
	AnalysisMethod------(86.0)----------Field  
	ViewpointDependency------(92.0)----------Record  
	Technique------(85.0)----------Script  
	Viewpoint------(92.0)----------Action  
	architecturalConstruct------(95.0)----------instructions  
	clientDependency------(92.0)----------i_action  
	Concern------(88.0)----------Pattern  
	Process------(84.0)----------AWKProgram  
	Rule------(94.0)----------Rule  
	ArchitecturalConstruct------(83.0)----------Instruction  
	ModelOrganization------(92.0)----------InitialRule  
	Mapping------(89.0)----------FinalRule  
	isImportTo------(24.0)----------name  
	Language------(24.0)----------name  
	Pattern------(27.0)----------value  
	ModellingRule------(30.0)----------name  
	ViewpointImport------(27.0)----------value  
	input------(100.0)----------input  
	ouput------(96.0)----------output  
	supplierDependency------(92.0)----------script  
	covers------(92.0)----------records  
	guidance------(92.0)----------r_file  
	methodology------(92.0)----------fields  
	techniques------(92.0)----------f_record  
	client------(92.0)----------rules  
	supplier------(92.0)----------r_script  
	analysis------(92.0)----------action  
	process------(25.0)----------regularExpression  } 
Score (structural): 0,71