
96 X 96
	[79.0]		[81.0]		[78.0]		[82.0]		[81.0]		[80.0]		[80.0]		[83.0]		[84.0]		[76.0]		[76.0]		[12.0]		[12.0]		[12.0]		[12.0]		[12.0]		[12.0]		[12.0]		[12.0]		[12.0]		[12.0]		[12.0]		[12.0]		[12.0]		[12.0]		[12.0]		[12.0]		[16.0]		[14.0]		[16.0]		[0.0]		[0.0]		[0.0]		[0.0]		[0.0]		[0.0]		[0.0]		[0.0]		[0.0]		[0.0]		[0.0]		[0.0]		[0.0]		[0.0]		[0.0]		[0.0]		[0.0]		[0.0]		[0.0]		[0.0]		[0.0]		[0.0]		[0.0]		[0.0]		[0.0]		[0.0]		[0.0]		[0.0]		[0.0]		[0.0]		[0.0]		[0.0]		[0.0]		[0.0]		[0.0]		[0.0]		[0.0]		[0.0]		[0.0]		[0.0]		[0.0]		[0.0]		[0.0]		[0.0]		[0.0]		[0.0]		[0.0]		[0.0]		[0.0]		[0.0]		[0.0]		[0.0]		[0.0]		[0.0]		[0.0]		[0.0]		[0.0]		[0.0]		[0.0]		[0.0]		[0.0]		[0.0]		[0.0]		[0.0]		[0.0]		[0.0]	Activity
	[75.0]		[77.0]		[86.0]		[78.0]		[79.0]		[84.0]		[76.0]		[88.0]		[78.0]		[82.0]		[82.0]		[18.0]		[18.0]		[18.0]		[18.0]		[18.0]		[18.0]		[18.0]		[18.0]		[18.0]		[18.0]		[18.0]		[18.0]		[18.0]		[18.0]		[18.0]		[18.0]		[21.0]		[18.0]		[21.0]		[0.0]		[0.0]		[0.0]		[0.0]		[0.0]		[0.0]		[0.0]		[0.0]		[0.0]		[0.0]		[0.0]		[0.0]		[0.0]		[0.0]		[0.0]		[0.0]		[0.0]		[0.0]		[0.0]		[0.0]		[0.0]		[0.0]		[0.0]		[0.0]		[0.0]		[0.0]		[0.0]		[0.0]		[0.0]		[0.0]		[0.0]		[0.0]		[0.0]		[0.0]		[0.0]		[0.0]		[0.0]		[0.0]		[0.0]		[0.0]		[0.0]		[0.0]		[0.0]		[0.0]		[0.0]		[0.0]		[0.0]		[0.0]		[0.0]		[0.0]		[0.0]		[0.0]		[0.0]		[0.0]		[0.0]		[0.0]		[0.0]		[0.0]		[0.0]		[0.0]		[0.0]		[0.0]		[0.0]		[0.0]		[0.0]		[0.0]	Artifact
	[76.0]		[79.0]		[84.0]		[80.0]		[79.0]		[88.0]		[77.0]		[86.0]		[80.0]		[83.0]		[83.0]		[18.0]		[18.0]		[18.0]		[18.0]		[18.0]		[18.0]		[18.0]		[18.0]		[18.0]		[18.0]		[18.0]		[18.0]		[18.0]		[18.0]		[18.0]		[18.0]		[19.0]		[18.0]		[19.0]		[0.0]		[0.0]		[0.0]		[0.0]		[0.0]		[0.0]		[0.0]		[0.0]		[0.0]		[0.0]		[0.0]		[0.0]		[0.0]		[0.0]		[0.0]		[0.0]		[0.0]		[0.0]		[0.0]		[0.0]		[0.0]		[0.0]		[0.0]		[0.0]		[0.0]		[0.0]		[0.0]		[0.0]		[0.0]		[0.0]		[0.0]		[0.0]		[0.0]		[0.0]		[0.0]		[0.0]		[0.0]		[0.0]		[0.0]		[0.0]		[0.0]		[0.0]		[0.0]		[0.0]		[0.0]		[0.0]		[0.0]		[0.0]		[0.0]		[0.0]		[0.0]		[0.0]		[0.0]		[0.0]		[0.0]		[0.0]		[0.0]		[0.0]		[0.0]		[0.0]		[0.0]		[0.0]		[0.0]		[0.0]		[0.0]		[0.0]	ArtifactsContainer
	[87.0]		[89.0]		[86.0]		[90.0]		[91.0]		[80.0]		[88.0]		[88.0]		[93.0]		[77.0]		[77.0]		[18.0]		[18.0]		[18.0]		[18.0]		[19.0]		[18.0]		[18.0]		[18.0]		[18.0]		[18.0]		[18.0]		[18.0]		[18.0]		[18.0]		[18.0]		[18.0]		[21.0]		[21.0]		[21.0]		[0.0]		[0.0]		[0.0]		[0.0]		[0.0]		[0.0]		[0.0]		[0.0]		[0.0]		[0.0]		[0.0]		[0.0]		[0.0]		[0.0]		[0.0]		[0.0]		[0.0]		[0.0]		[0.0]		[0.0]		[0.0]		[0.0]		[0.0]		[0.0]		[0.0]		[0.0]		[0.0]		[0.0]		[0.0]		[0.0]		[0.0]		[0.0]		[0.0]		[0.0]		[0.0]		[0.0]		[0.0]		[0.0]		[0.0]		[0.0]		[0.0]		[0.0]		[0.0]		[0.0]		[0.0]		[0.0]		[0.0]		[0.0]		[0.0]		[0.0]		[0.0]		[0.0]		[0.0]		[0.0]		[0.0]		[0.0]		[0.0]		[0.0]		[0.0]		[0.0]		[0.0]		[0.0]		[0.0]		[0.0]		[0.0]		[0.0]	Association
	[85.0]		[83.0]		[83.0]		[83.0]		[85.0]		[77.0]		[82.0]		[82.0]		[83.0]		[79.0]		[79.0]		[15.0]		[15.0]		[15.0]		[15.0]		[15.0]		[15.0]		[15.0]		[15.0]		[15.0]		[15.0]		[15.0]		[15.0]		[15.0]		[15.0]		[15.0]		[15.0]		[15.0]		[15.0]		[15.0]		[0.0]		[0.0]		[0.0]		[0.0]		[0.0]		[0.0]		[0.0]		[0.0]		[0.0]		[0.0]		[0.0]		[0.0]		[0.0]		[0.0]		[0.0]		[0.0]		[0.0]		[0.0]		[0.0]		[0.0]		[0.0]		[0.0]		[0.0]		[0.0]		[0.0]		[0.0]		[0.0]		[0.0]		[0.0]		[0.0]		[0.0]		[0.0]		[0.0]		[0.0]		[0.0]		[0.0]		[0.0]		[0.0]		[0.0]		[0.0]		[0.0]		[0.0]		[0.0]		[0.0]		[0.0]		[0.0]		[0.0]		[0.0]		[0.0]		[0.0]		[0.0]		[0.0]		[0.0]		[0.0]		[0.0]		[0.0]		[0.0]		[0.0]		[0.0]		[0.0]		[0.0]		[0.0]		[0.0]		[0.0]		[0.0]		[0.0]	BpmnDiagram
	[80.0]		[77.0]		[83.0]		[77.0]		[77.0]		[80.0]		[80.0]		[83.0]		[77.0]		[92.0]		[92.0]		[27.0]		[27.0]		[27.0]		[27.0]		[27.0]		[27.0]		[27.0]		[27.0]		[27.0]		[27.0]		[27.0]		[27.0]		[27.0]		[27.0]		[27.0]		[27.0]		[27.0]		[27.0]		[27.0]		[0.0]		[0.0]		[0.0]		[0.0]		[0.0]		[0.0]		[0.0]		[0.0]		[0.0]		[0.0]		[0.0]		[0.0]		[0.0]		[0.0]		[0.0]		[0.0]		[0.0]		[0.0]		[0.0]		[0.0]		[0.0]		[0.0]		[0.0]		[0.0]		[0.0]		[0.0]		[0.0]		[0.0]		[0.0]		[0.0]		[0.0]		[0.0]		[0.0]		[0.0]		[0.0]		[0.0]		[0.0]		[0.0]		[0.0]		[0.0]		[0.0]		[0.0]		[0.0]		[0.0]		[0.0]		[0.0]		[0.0]		[0.0]		[0.0]		[0.0]		[0.0]		[0.0]		[0.0]		[0.0]		[0.0]		[0.0]		[0.0]		[0.0]		[0.0]		[0.0]		[0.0]		[0.0]		[0.0]		[0.0]		[0.0]		[0.0]	DataObject
	[77.0]		[77.0]		[86.0]		[78.0]		[79.0]		[86.0]		[76.0]		[85.0]		[78.0]		[82.0]		[82.0]		[18.0]		[18.0]		[18.0]		[18.0]		[18.0]		[18.0]		[18.0]		[18.0]		[18.0]		[18.0]		[18.0]		[18.0]		[18.0]		[18.0]		[18.0]		[18.0]		[18.0]		[18.0]		[18.0]		[0.0]		[0.0]		[0.0]		[0.0]		[0.0]		[0.0]		[0.0]		[0.0]		[0.0]		[0.0]		[0.0]		[0.0]		[0.0]		[0.0]		[0.0]		[0.0]		[0.0]		[0.0]		[0.0]		[0.0]		[0.0]		[0.0]		[0.0]		[0.0]		[0.0]		[0.0]		[0.0]		[0.0]		[0.0]		[0.0]		[0.0]		[0.0]		[0.0]		[0.0]		[0.0]		[0.0]		[0.0]		[0.0]		[0.0]		[0.0]		[0.0]		[0.0]		[0.0]		[0.0]		[0.0]		[0.0]		[0.0]		[0.0]		[0.0]		[0.0]		[0.0]		[0.0]		[0.0]		[0.0]		[0.0]		[0.0]		[0.0]		[0.0]		[0.0]		[0.0]		[0.0]		[0.0]		[0.0]		[0.0]		[0.0]		[0.0]	Graph
	[79.0]		[82.0]		[87.0]		[83.0]		[82.0]		[85.0]		[80.0]		[88.0]		[83.0]		[86.0]		[86.0]		[21.0]		[21.0]		[21.0]		[21.0]		[21.0]		[21.0]		[21.0]		[21.0]		[21.0]		[21.0]		[21.0]		[21.0]		[21.0]		[21.0]		[21.0]		[21.0]		[21.0]		[21.0]		[21.0]		[0.0]		[0.0]		[0.0]		[0.0]		[0.0]		[0.0]		[0.0]		[0.0]		[0.0]		[0.0]		[0.0]		[0.0]		[0.0]		[0.0]		[0.0]		[0.0]		[0.0]		[0.0]		[0.0]		[0.0]		[0.0]		[0.0]		[0.0]		[0.0]		[0.0]		[0.0]		[0.0]		[0.0]		[0.0]		[0.0]		[0.0]		[0.0]		[0.0]		[0.0]		[0.0]		[0.0]		[0.0]		[0.0]		[0.0]		[0.0]		[0.0]		[0.0]		[0.0]		[0.0]		[0.0]		[0.0]		[0.0]		[0.0]		[0.0]		[0.0]		[0.0]		[0.0]		[0.0]		[0.0]		[0.0]		[0.0]		[0.0]		[0.0]		[0.0]		[0.0]		[0.0]		[0.0]		[0.0]		[0.0]		[0.0]		[0.0]	Group
	[86.0]		[83.0]		[77.0]		[83.0]		[83.0]		[79.0]		[86.0]		[77.0]		[83.0]		[80.0]		[80.0]		[21.0]		[21.0]		[21.0]		[21.0]		[21.0]		[21.0]		[21.0]		[21.0]		[21.0]		[21.0]		[21.0]		[21.0]		[21.0]		[21.0]		[21.0]		[21.0]		[21.0]		[21.0]		[21.0]		[0.0]		[0.0]		[0.0]		[0.0]		[0.0]		[0.0]		[0.0]		[0.0]		[0.0]		[0.0]		[0.0]		[0.0]		[0.0]		[0.0]		[0.0]		[0.0]		[0.0]		[0.0]		[0.0]		[0.0]		[0.0]		[0.0]		[0.0]		[0.0]		[0.0]		[0.0]		[0.0]		[0.0]		[0.0]		[0.0]		[0.0]		[0.0]		[0.0]		[0.0]		[0.0]		[0.0]		[0.0]		[0.0]		[0.0]		[0.0]		[0.0]		[0.0]		[0.0]		[0.0]		[0.0]		[0.0]		[0.0]		[0.0]		[0.0]		[0.0]		[0.0]		[0.0]		[0.0]		[0.0]		[0.0]		[0.0]		[0.0]		[0.0]		[0.0]		[0.0]		[0.0]		[0.0]		[0.0]		[0.0]		[0.0]		[0.0]	Identifiable
	[76.0]		[79.0]		[84.0]		[80.0]		[79.0]		[88.0]		[77.0]		[85.0]		[80.0]		[83.0]		[83.0]		[18.0]		[18.0]		[18.0]		[18.0]		[18.0]		[18.0]		[18.0]		[18.0]		[18.0]		[18.0]		[18.0]		[18.0]		[18.0]		[18.0]		[18.0]		[18.0]		[18.0]		[18.0]		[18.0]		[0.0]		[0.0]		[0.0]		[0.0]		[0.0]		[0.0]		[0.0]		[0.0]		[0.0]		[0.0]		[0.0]		[0.0]		[0.0]		[0.0]		[0.0]		[0.0]		[0.0]		[0.0]		[0.0]		[0.0]		[0.0]		[0.0]		[0.0]		[0.0]		[0.0]		[0.0]		[0.0]		[0.0]		[0.0]		[0.0]		[0.0]		[0.0]		[0.0]		[0.0]		[0.0]		[0.0]		[0.0]		[0.0]		[0.0]		[0.0]		[0.0]		[0.0]		[0.0]		[0.0]		[0.0]		[0.0]		[0.0]		[0.0]		[0.0]		[0.0]		[0.0]		[0.0]		[0.0]		[0.0]		[0.0]		[0.0]		[0.0]		[0.0]		[0.0]		[0.0]		[0.0]		[0.0]		[0.0]		[0.0]		[0.0]		[0.0]	IdentifiableNode
	[78.0]		[80.0]		[89.0]		[81.0]		[82.0]		[83.0]		[79.0]		[88.0]		[81.0]		[85.0]		[85.0]		[21.0]		[21.0]		[21.0]		[21.0]		[21.0]		[21.0]		[21.0]		[21.0]		[21.0]		[21.0]		[21.0]		[21.0]		[21.0]		[21.0]		[21.0]		[21.0]		[21.0]		[21.0]		[21.0]		[0.0]		[0.0]		[0.0]		[0.0]		[0.0]		[0.0]		[0.0]		[0.0]		[0.0]		[0.0]		[0.0]		[0.0]		[0.0]		[0.0]		[0.0]		[0.0]		[0.0]		[0.0]		[0.0]		[0.0]		[0.0]		[0.0]		[0.0]		[0.0]		[0.0]		[0.0]		[0.0]		[0.0]		[0.0]		[0.0]		[0.0]		[0.0]		[0.0]		[0.0]		[0.0]		[0.0]		[0.0]		[0.0]		[0.0]		[0.0]		[0.0]		[0.0]		[0.0]		[0.0]		[0.0]		[0.0]		[0.0]		[0.0]		[0.0]		[0.0]		[0.0]		[0.0]		[0.0]		[0.0]		[0.0]		[0.0]		[0.0]		[0.0]		[0.0]		[0.0]		[0.0]		[0.0]		[0.0]		[0.0]		[0.0]		[0.0]	Lane
	[80.0]		[80.0]		[86.0]		[81.0]		[81.0]		[85.0]		[79.0]		[87.0]		[81.0]		[85.0]		[85.0]		[21.0]		[21.0]		[21.0]		[21.0]		[22.0]		[21.0]		[21.0]		[21.0]		[21.0]		[21.0]		[21.0]		[21.0]		[21.0]		[21.0]		[21.0]		[21.0]		[21.0]		[21.0]		[21.0]		[0.0]		[0.0]		[0.0]		[0.0]		[0.0]		[0.0]		[0.0]		[0.0]		[0.0]		[0.0]		[0.0]		[0.0]		[0.0]		[0.0]		[0.0]		[0.0]		[0.0]		[0.0]		[0.0]		[0.0]		[0.0]		[0.0]		[0.0]		[0.0]		[0.0]		[0.0]		[0.0]		[0.0]		[0.0]		[0.0]		[0.0]		[0.0]		[0.0]		[0.0]		[0.0]		[0.0]		[0.0]		[0.0]		[0.0]		[0.0]		[0.0]		[0.0]		[0.0]		[0.0]		[0.0]		[0.0]		[0.0]		[0.0]		[0.0]		[0.0]		[0.0]		[0.0]		[0.0]		[0.0]		[0.0]		[0.0]		[0.0]		[0.0]		[0.0]		[0.0]		[0.0]		[0.0]		[0.0]		[0.0]		[0.0]		[0.0]	MessagingEdge
	[84.0]		[81.0]		[77.0]		[81.0]		[81.0]		[79.0]		[84.0]		[77.0]		[81.0]		[80.0]		[80.0]		[23.0]		[23.0]		[21.0]		[23.0]		[21.0]		[21.0]		[21.0]		[21.0]		[21.0]		[21.0]		[21.0]		[21.0]		[21.0]		[21.0]		[21.0]		[21.0]		[21.0]		[21.0]		[21.0]		[0.0]		[0.0]		[0.0]		[0.0]		[0.0]		[0.0]		[0.0]		[0.0]		[0.0]		[0.0]		[0.0]		[0.0]		[0.0]		[0.0]		[0.0]		[0.0]		[0.0]		[0.0]		[0.0]		[0.0]		[0.0]		[0.0]		[0.0]		[0.0]		[0.0]		[0.0]		[0.0]		[0.0]		[0.0]		[0.0]		[0.0]		[0.0]		[0.0]		[0.0]		[0.0]		[0.0]		[0.0]		[0.0]		[0.0]		[0.0]		[0.0]		[0.0]		[0.0]		[0.0]		[0.0]		[0.0]		[0.0]		[0.0]		[0.0]		[0.0]		[0.0]		[0.0]		[0.0]		[0.0]		[0.0]		[0.0]		[0.0]		[0.0]		[0.0]		[0.0]		[0.0]		[0.0]		[0.0]		[0.0]		[0.0]		[0.0]	NamedBpmnObject
	[78.0]		[80.0]		[89.0]		[81.0]		[82.0]		[83.0]		[79.0]		[88.0]		[81.0]		[85.0]		[85.0]		[21.0]		[21.0]		[21.0]		[21.0]		[21.0]		[21.0]		[21.0]		[21.0]		[21.0]		[21.0]		[21.0]		[21.0]		[21.0]		[21.0]		[21.0]		[21.0]		[21.0]		[21.0]		[21.0]		[0.0]		[0.0]		[0.0]		[0.0]		[0.0]		[0.0]		[0.0]		[0.0]		[0.0]		[0.0]		[0.0]		[0.0]		[0.0]		[0.0]		[0.0]		[0.0]		[0.0]		[0.0]		[0.0]		[0.0]		[0.0]		[0.0]		[0.0]		[0.0]		[0.0]		[0.0]		[0.0]		[0.0]		[0.0]		[0.0]		[0.0]		[0.0]		[0.0]		[0.0]		[0.0]		[0.0]		[0.0]		[0.0]		[0.0]		[0.0]		[0.0]		[0.0]		[0.0]		[0.0]		[0.0]		[0.0]		[0.0]		[0.0]		[0.0]		[0.0]		[0.0]		[0.0]		[0.0]		[0.0]		[0.0]		[0.0]		[0.0]		[0.0]		[0.0]		[0.0]		[0.0]		[0.0]		[0.0]		[0.0]		[0.0]		[0.0]	Pool
	[86.0]		[88.0]		[79.0]		[87.0]		[86.0]		[79.0]		[85.0]		[80.0]		[87.0]		[79.0]		[79.0]		[15.0]		[15.0]		[15.0]		[15.0]		[15.0]		[15.0]		[15.0]		[15.0]		[15.0]		[15.0]		[15.0]		[15.0]		[15.0]		[15.0]		[15.0]		[15.0]		[15.0]		[15.0]		[15.0]		[0.0]		[0.0]		[0.0]		[0.0]		[0.0]		[0.0]		[0.0]		[0.0]		[0.0]		[0.0]		[0.0]		[0.0]		[0.0]		[0.0]		[0.0]		[0.0]		[0.0]		[0.0]		[0.0]		[0.0]		[0.0]		[0.0]		[0.0]		[0.0]		[0.0]		[0.0]		[0.0]		[0.0]		[0.0]		[0.0]		[0.0]		[0.0]		[0.0]		[0.0]		[0.0]		[0.0]		[0.0]		[0.0]		[0.0]		[0.0]		[0.0]		[0.0]		[0.0]		[0.0]		[0.0]		[0.0]		[0.0]		[0.0]		[0.0]		[0.0]		[0.0]		[0.0]		[0.0]		[0.0]		[0.0]		[0.0]		[0.0]		[0.0]		[0.0]		[0.0]		[0.0]		[0.0]		[0.0]		[0.0]		[0.0]		[0.0]	SequenceEdge
	[87.0]		[88.0]		[81.0]		[89.0]		[88.0]		[79.0]		[86.0]		[82.0]		[89.0]		[79.0]		[79.0]		[15.0]		[15.0]		[15.0]		[15.0]		[16.0]		[15.0]		[15.0]		[15.0]		[15.0]		[15.0]		[15.0]		[15.0]		[15.0]		[15.0]		[15.0]		[15.0]		[15.0]		[15.0]		[15.0]		[0.0]		[0.0]		[0.0]		[0.0]		[0.0]		[0.0]		[0.0]		[0.0]		[0.0]		[0.0]		[0.0]		[0.0]		[0.0]		[0.0]		[0.0]		[0.0]		[0.0]		[0.0]		[0.0]		[0.0]		[0.0]		[0.0]		[0.0]		[0.0]		[0.0]		[0.0]		[0.0]		[0.0]		[0.0]		[0.0]		[0.0]		[0.0]		[0.0]		[0.0]		[0.0]		[0.0]		[0.0]		[0.0]		[0.0]		[0.0]		[0.0]		[0.0]		[0.0]		[0.0]		[0.0]		[0.0]		[0.0]		[0.0]		[0.0]		[0.0]		[0.0]		[0.0]		[0.0]		[0.0]		[0.0]		[0.0]		[0.0]		[0.0]		[0.0]		[0.0]		[0.0]		[0.0]		[0.0]		[0.0]		[0.0]		[0.0]	SubProcess
	[80.0]		[77.0]		[83.0]		[77.0]		[77.0]		[80.0]		[80.0]		[85.0]		[79.0]		[92.0]		[92.0]		[27.0]		[27.0]		[27.0]		[27.0]		[28.0]		[27.0]		[27.0]		[27.0]		[27.0]		[27.0]		[27.0]		[27.0]		[27.0]		[27.0]		[27.0]		[27.0]		[29.0]		[29.0]		[29.0]		[0.0]		[0.0]		[0.0]		[0.0]		[0.0]		[0.0]		[0.0]		[0.0]		[0.0]		[0.0]		[0.0]		[0.0]		[0.0]		[0.0]		[0.0]		[0.0]		[0.0]		[0.0]		[0.0]		[0.0]		[0.0]		[0.0]		[0.0]		[0.0]		[0.0]		[0.0]		[0.0]		[0.0]		[0.0]		[0.0]		[0.0]		[0.0]		[0.0]		[0.0]		[0.0]		[0.0]		[0.0]		[0.0]		[0.0]		[0.0]		[0.0]		[0.0]		[0.0]		[0.0]		[0.0]		[0.0]		[0.0]		[0.0]		[0.0]		[0.0]		[0.0]		[0.0]		[0.0]		[0.0]		[0.0]		[0.0]		[0.0]		[0.0]		[0.0]		[0.0]		[0.0]		[0.0]		[0.0]		[0.0]		[0.0]		[0.0]	TextAnnotation
	[77.0]		[79.0]		[82.0]		[78.0]		[77.0]		[86.0]		[76.0]		[83.0]		[78.0]		[83.0]		[83.0]		[18.0]		[18.0]		[18.0]		[18.0]		[18.0]		[18.0]		[18.0]		[18.0]		[18.0]		[18.0]		[18.0]		[18.0]		[18.0]		[18.0]		[18.0]		[18.0]		[18.0]		[18.0]		[18.0]		[0.0]		[0.0]		[0.0]		[0.0]		[0.0]		[0.0]		[0.0]		[0.0]		[0.0]		[0.0]		[0.0]		[0.0]		[0.0]		[0.0]		[0.0]		[0.0]		[0.0]		[0.0]		[0.0]		[0.0]		[0.0]		[0.0]		[0.0]		[0.0]		[0.0]		[0.0]		[0.0]		[0.0]		[0.0]		[0.0]		[0.0]		[0.0]		[0.0]		[0.0]		[0.0]		[0.0]		[0.0]		[0.0]		[0.0]		[0.0]		[0.0]		[0.0]		[0.0]		[0.0]		[0.0]		[0.0]		[0.0]		[0.0]		[0.0]		[0.0]		[0.0]		[0.0]		[0.0]		[0.0]		[0.0]		[0.0]		[0.0]		[0.0]		[0.0]		[0.0]		[0.0]		[0.0]		[0.0]		[0.0]		[0.0]		[0.0]	Vertex
	[24.0]		[21.0]		[27.0]		[21.0]		[21.0]		[24.0]		[24.0]		[30.0]		[23.0]		[30.0]		[30.0]		[27.0]		[27.0]		[27.0]		[27.0]		[27.0]		[27.0]		[27.0]		[27.0]		[27.0]		[27.0]		[27.0]		[27.0]		[27.0]		[27.0]		[27.0]		[27.0]		[30.0]		[29.0]		[30.0]		[0.0]		[0.0]		[0.0]		[0.0]		[0.0]		[0.0]		[0.0]		[0.0]		[0.0]		[0.0]		[0.0]		[0.0]		[0.0]		[0.0]		[0.0]		[0.0]		[0.0]		[0.0]		[0.0]		[0.0]		[0.0]		[0.0]		[0.0]		[0.0]		[0.0]		[0.0]		[0.0]		[0.0]		[0.0]		[0.0]		[0.0]		[0.0]		[0.0]		[0.0]		[0.0]		[0.0]		[0.0]		[0.0]		[0.0]		[0.0]		[0.0]		[0.0]		[0.0]		[0.0]		[0.0]		[0.0]		[0.0]		[0.0]		[0.0]		[0.0]		[0.0]		[0.0]		[0.0]		[0.0]		[0.0]		[0.0]		[0.0]		[0.0]		[0.0]		[0.0]		[0.0]		[0.0]		[0.0]		[0.0]		[0.0]		[0.0]	ActivityType
	[24.0]		[21.0]		[29.0]		[21.0]		[21.0]		[24.0]		[24.0]		[30.0]		[24.0]		[30.0]		[30.0]		[27.0]		[27.0]		[27.0]		[27.0]		[28.0]		[27.0]		[27.0]		[27.0]		[27.0]		[29.0]		[27.0]		[27.0]		[29.0]		[27.0]		[27.0]		[27.0]		[30.0]		[30.0]		[30.0]		[0.0]		[0.0]		[0.0]		[0.0]		[0.0]		[0.0]		[0.0]		[0.0]		[0.0]		[0.0]		[0.0]		[0.0]		[0.0]		[0.0]		[0.0]		[0.0]		[0.0]		[0.0]		[0.0]		[0.0]		[0.0]		[0.0]		[0.0]		[0.0]		[0.0]		[0.0]		[0.0]		[0.0]		[0.0]		[0.0]		[0.0]		[0.0]		[0.0]		[0.0]		[0.0]		[0.0]		[0.0]		[0.0]		[0.0]		[0.0]		[0.0]		[0.0]		[0.0]		[0.0]		[0.0]		[0.0]		[0.0]		[0.0]		[0.0]		[0.0]		[0.0]		[0.0]		[0.0]		[0.0]		[0.0]		[0.0]		[0.0]		[0.0]		[0.0]		[0.0]		[0.0]		[0.0]		[0.0]		[0.0]		[0.0]		[0.0]	DirectionType
	[26.0]		[21.0]		[27.0]		[21.0]		[21.0]		[24.0]		[24.0]		[27.0]		[21.0]		[30.0]		[30.0]		[27.0]		[27.0]		[27.0]		[27.0]		[28.0]		[27.0]		[27.0]		[27.0]		[27.0]		[27.0]		[27.0]		[27.0]		[27.0]		[27.0]		[27.0]		[27.0]		[27.0]		[27.0]		[27.0]		[0.0]		[0.0]		[0.0]		[0.0]		[0.0]		[0.0]		[0.0]		[0.0]		[0.0]		[0.0]		[0.0]		[0.0]		[0.0]		[0.0]		[0.0]		[0.0]		[0.0]		[0.0]		[0.0]		[0.0]		[0.0]		[0.0]		[0.0]		[0.0]		[0.0]		[0.0]		[0.0]		[0.0]		[0.0]		[0.0]		[0.0]		[0.0]		[0.0]		[0.0]		[0.0]		[0.0]		[0.0]		[0.0]		[0.0]		[0.0]		[0.0]		[0.0]		[0.0]		[0.0]		[0.0]		[0.0]		[0.0]		[0.0]		[0.0]		[0.0]		[0.0]		[0.0]		[0.0]		[0.0]		[0.0]		[0.0]		[0.0]		[0.0]		[0.0]		[0.0]		[0.0]		[0.0]		[0.0]		[0.0]		[0.0]		[0.0]	SubProcess
	[24.0]		[21.0]		[27.0]		[21.0]		[21.0]		[24.0]		[24.0]		[27.0]		[21.0]		[30.0]		[30.0]		[27.0]		[27.0]		[27.0]		[27.0]		[27.0]		[27.0]		[27.0]		[27.0]		[27.0]		[27.0]		[27.0]		[27.0]		[27.0]		[27.0]		[27.0]		[27.0]		[27.0]		[27.0]		[27.0]		[0.0]		[0.0]		[0.0]		[0.0]		[0.0]		[0.0]		[0.0]		[0.0]		[0.0]		[0.0]		[0.0]		[0.0]		[0.0]		[0.0]		[0.0]		[0.0]		[0.0]		[0.0]		[0.0]		[0.0]		[0.0]		[0.0]		[0.0]		[0.0]		[0.0]		[0.0]		[0.0]		[0.0]		[0.0]		[0.0]		[0.0]		[0.0]		[0.0]		[0.0]		[0.0]		[0.0]		[0.0]		[0.0]		[0.0]		[0.0]		[0.0]		[0.0]		[0.0]		[0.0]		[0.0]		[0.0]		[0.0]		[0.0]		[0.0]		[0.0]		[0.0]		[0.0]		[0.0]		[0.0]		[0.0]		[0.0]		[0.0]		[0.0]		[0.0]		[0.0]		[0.0]		[0.0]		[0.0]		[0.0]		[0.0]		[0.0]	EventEndMultiple
	[24.0]		[21.0]		[27.0]		[21.0]		[21.0]		[24.0]		[24.0]		[27.0]		[21.0]		[30.0]		[30.0]		[27.0]		[27.0]		[27.0]		[27.0]		[28.0]		[27.0]		[27.0]		[27.0]		[27.0]		[27.0]		[27.0]		[27.0]		[27.0]		[27.0]		[27.0]		[27.0]		[27.0]		[27.0]		[27.0]		[0.0]		[0.0]		[0.0]		[0.0]		[0.0]		[0.0]		[0.0]		[0.0]		[0.0]		[0.0]		[0.0]		[0.0]		[0.0]		[0.0]		[0.0]		[0.0]		[0.0]		[0.0]		[0.0]		[0.0]		[0.0]		[0.0]		[0.0]		[0.0]		[0.0]		[0.0]		[0.0]		[0.0]		[0.0]		[0.0]		[0.0]		[0.0]		[0.0]		[0.0]		[0.0]		[0.0]		[0.0]		[0.0]		[0.0]		[0.0]		[0.0]		[0.0]		[0.0]		[0.0]		[0.0]		[0.0]		[0.0]		[0.0]		[0.0]		[0.0]		[0.0]		[0.0]		[0.0]		[0.0]		[0.0]		[0.0]		[0.0]		[0.0]		[0.0]		[0.0]		[0.0]		[0.0]		[0.0]		[0.0]		[0.0]		[0.0]	EventEndMessage
	[24.0]		[21.0]		[27.0]		[21.0]		[21.0]		[24.0]		[25.0]		[27.0]		[21.0]		[30.0]		[30.0]		[27.0]		[27.0]		[27.0]		[27.0]		[28.0]		[27.0]		[27.0]		[27.0]		[27.0]		[27.0]		[27.0]		[27.0]		[27.0]		[27.0]		[27.0]		[28.0]		[27.0]		[27.0]		[27.0]		[0.0]		[0.0]		[0.0]		[0.0]		[0.0]		[0.0]		[0.0]		[0.0]		[0.0]		[0.0]		[0.0]		[0.0]		[0.0]		[0.0]		[0.0]		[0.0]		[0.0]		[0.0]		[0.0]		[0.0]		[0.0]		[0.0]		[0.0]		[0.0]		[0.0]		[0.0]		[0.0]		[0.0]		[0.0]		[0.0]		[0.0]		[0.0]		[0.0]		[0.0]		[0.0]		[0.0]		[0.0]		[0.0]		[0.0]		[0.0]		[0.0]		[0.0]		[0.0]		[0.0]		[0.0]		[0.0]		[0.0]		[0.0]		[0.0]		[0.0]		[0.0]		[0.0]		[0.0]		[0.0]		[0.0]		[0.0]		[0.0]		[0.0]		[0.0]		[0.0]		[0.0]		[0.0]		[0.0]		[0.0]		[0.0]		[0.0]	EventIntermediateMessage
	[24.0]		[21.0]		[27.0]		[21.0]		[21.0]		[24.0]		[24.0]		[27.0]		[21.0]		[30.0]		[30.0]		[27.0]		[27.0]		[27.0]		[27.0]		[27.0]		[27.0]		[27.0]		[27.0]		[27.0]		[27.0]		[27.0]		[27.0]		[27.0]		[27.0]		[27.0]		[27.0]		[27.0]		[27.0]		[27.0]		[0.0]		[0.0]		[0.0]		[0.0]		[0.0]		[0.0]		[0.0]		[0.0]		[0.0]		[0.0]		[0.0]		[0.0]		[0.0]		[0.0]		[0.0]		[0.0]		[0.0]		[0.0]		[0.0]		[0.0]		[0.0]		[0.0]		[0.0]		[0.0]		[0.0]		[0.0]		[0.0]		[0.0]		[0.0]		[0.0]		[0.0]		[0.0]		[0.0]		[0.0]		[0.0]		[0.0]		[0.0]		[0.0]		[0.0]		[0.0]		[0.0]		[0.0]		[0.0]		[0.0]		[0.0]		[0.0]		[0.0]		[0.0]		[0.0]		[0.0]		[0.0]		[0.0]		[0.0]		[0.0]		[0.0]		[0.0]		[0.0]		[0.0]		[0.0]		[0.0]		[0.0]		[0.0]		[0.0]		[0.0]		[0.0]		[0.0]	EventStartMultiple
	[24.0]		[21.0]		[27.0]		[21.0]		[21.0]		[24.0]		[25.0]		[27.0]		[21.0]		[30.0]		[30.0]		[27.0]		[27.0]		[27.0]		[27.0]		[27.0]		[27.0]		[27.0]		[27.0]		[27.0]		[27.0]		[27.0]		[27.0]		[27.0]		[27.0]		[27.0]		[28.0]		[27.0]		[27.0]		[27.0]		[0.0]		[0.0]		[0.0]		[0.0]		[0.0]		[0.0]		[0.0]		[0.0]		[0.0]		[0.0]		[0.0]		[0.0]		[0.0]		[0.0]		[0.0]		[0.0]		[0.0]		[0.0]		[0.0]		[0.0]		[0.0]		[0.0]		[0.0]		[0.0]		[0.0]		[0.0]		[0.0]		[0.0]		[0.0]		[0.0]		[0.0]		[0.0]		[0.0]		[0.0]		[0.0]		[0.0]		[0.0]		[0.0]		[0.0]		[0.0]		[0.0]		[0.0]		[0.0]		[0.0]		[0.0]		[0.0]		[0.0]		[0.0]		[0.0]		[0.0]		[0.0]		[0.0]		[0.0]		[0.0]		[0.0]		[0.0]		[0.0]		[0.0]		[0.0]		[0.0]		[0.0]		[0.0]		[0.0]		[0.0]		[0.0]		[0.0]	EventIntermediateMultiple
	[24.0]		[21.0]		[27.0]		[21.0]		[21.0]		[24.0]		[24.0]		[27.0]		[21.0]		[30.0]		[30.0]		[27.0]		[27.0]		[27.0]		[27.0]		[27.0]		[27.0]		[27.0]		[27.0]		[27.0]		[27.0]		[27.0]		[27.0]		[27.0]		[27.0]		[27.0]		[27.0]		[27.0]		[27.0]		[27.0]		[0.0]		[0.0]		[0.0]		[0.0]		[0.0]		[0.0]		[0.0]		[0.0]		[0.0]		[0.0]		[0.0]		[0.0]		[0.0]		[0.0]		[0.0]		[0.0]		[0.0]		[0.0]		[0.0]		[0.0]		[0.0]		[0.0]		[0.0]		[0.0]		[0.0]		[0.0]		[0.0]		[0.0]		[0.0]		[0.0]		[0.0]		[0.0]		[0.0]		[0.0]		[0.0]		[0.0]		[0.0]		[0.0]		[0.0]		[0.0]		[0.0]		[0.0]		[0.0]		[0.0]		[0.0]		[0.0]		[0.0]		[0.0]		[0.0]		[0.0]		[0.0]		[0.0]		[0.0]		[0.0]		[0.0]		[0.0]		[0.0]		[0.0]		[0.0]		[0.0]		[0.0]		[0.0]		[0.0]		[0.0]		[0.0]		[0.0]	GatewayParallel
	[24.0]		[21.0]		[27.0]		[21.0]		[21.0]		[24.0]		[24.0]		[27.0]		[21.0]		[30.0]		[30.0]		[27.0]		[27.0]		[27.0]		[27.0]		[27.0]		[27.0]		[27.0]		[27.0]		[27.0]		[27.0]		[27.0]		[27.0]		[27.0]		[27.0]		[27.0]		[27.0]		[27.0]		[27.0]		[27.0]		[0.0]		[0.0]		[0.0]		[0.0]		[0.0]		[0.0]		[0.0]		[0.0]		[0.0]		[0.0]		[0.0]		[0.0]		[0.0]		[0.0]		[0.0]		[0.0]		[0.0]		[0.0]		[0.0]		[0.0]		[0.0]		[0.0]		[0.0]		[0.0]		[0.0]		[0.0]		[0.0]		[0.0]		[0.0]		[0.0]		[0.0]		[0.0]		[0.0]		[0.0]		[0.0]		[0.0]		[0.0]		[0.0]		[0.0]		[0.0]		[0.0]		[0.0]		[0.0]		[0.0]		[0.0]		[0.0]		[0.0]		[0.0]		[0.0]		[0.0]		[0.0]		[0.0]		[0.0]		[0.0]		[0.0]		[0.0]		[0.0]		[0.0]		[0.0]		[0.0]		[0.0]		[0.0]		[0.0]		[0.0]		[0.0]		[0.0]	EventStartTimer
	[24.0]		[21.0]		[27.0]		[21.0]		[21.0]		[24.0]		[24.0]		[27.0]		[21.0]		[30.0]		[30.0]		[27.0]		[27.0]		[27.0]		[27.0]		[27.0]		[27.0]		[27.0]		[27.0]		[27.0]		[27.0]		[27.0]		[27.0]		[27.0]		[27.0]		[27.0]		[27.0]		[27.0]		[27.0]		[27.0]		[0.0]		[0.0]		[0.0]		[0.0]		[0.0]		[0.0]		[0.0]		[0.0]		[0.0]		[0.0]		[0.0]		[0.0]		[0.0]		[0.0]		[0.0]		[0.0]		[0.0]		[0.0]		[0.0]		[0.0]		[0.0]		[0.0]		[0.0]		[0.0]		[0.0]		[0.0]		[0.0]		[0.0]		[0.0]		[0.0]		[0.0]		[0.0]		[0.0]		[0.0]		[0.0]		[0.0]		[0.0]		[0.0]		[0.0]		[0.0]		[0.0]		[0.0]		[0.0]		[0.0]		[0.0]		[0.0]		[0.0]		[0.0]		[0.0]		[0.0]		[0.0]		[0.0]		[0.0]		[0.0]		[0.0]		[0.0]		[0.0]		[0.0]		[0.0]		[0.0]		[0.0]		[0.0]		[0.0]		[0.0]		[0.0]		[0.0]	EventStartEmpty
	[24.0]		[21.0]		[27.0]		[21.0]		[21.0]		[24.0]		[25.0]		[27.0]		[21.0]		[30.0]		[30.0]		[27.0]		[27.0]		[27.0]		[27.0]		[27.0]		[27.0]		[27.0]		[27.0]		[27.0]		[27.0]		[27.0]		[27.0]		[27.0]		[27.0]		[27.0]		[28.0]		[27.0]		[27.0]		[27.0]		[0.0]		[0.0]		[0.0]		[0.0]		[0.0]		[0.0]		[0.0]		[0.0]		[0.0]		[0.0]		[0.0]		[0.0]		[0.0]		[0.0]		[0.0]		[0.0]		[0.0]		[0.0]		[0.0]		[0.0]		[0.0]		[0.0]		[0.0]		[0.0]		[0.0]		[0.0]		[0.0]		[0.0]		[0.0]		[0.0]		[0.0]		[0.0]		[0.0]		[0.0]		[0.0]		[0.0]		[0.0]		[0.0]		[0.0]		[0.0]		[0.0]		[0.0]		[0.0]		[0.0]		[0.0]		[0.0]		[0.0]		[0.0]		[0.0]		[0.0]		[0.0]		[0.0]		[0.0]		[0.0]		[0.0]		[0.0]		[0.0]		[0.0]		[0.0]		[0.0]		[0.0]		[0.0]		[0.0]		[0.0]		[0.0]		[0.0]	EventIntermediateCancel
	[24.0]		[21.0]		[27.0]		[21.0]		[21.0]		[24.0]		[24.0]		[27.0]		[21.0]		[30.0]		[30.0]		[27.0]		[27.0]		[27.0]		[27.0]		[27.0]		[27.0]		[27.0]		[27.0]		[27.0]		[27.0]		[27.0]		[27.0]		[27.0]		[27.0]		[27.0]		[27.0]		[27.0]		[27.0]		[27.0]		[0.0]		[0.0]		[0.0]		[0.0]		[0.0]		[0.0]		[0.0]		[0.0]		[0.0]		[0.0]		[0.0]		[0.0]		[0.0]		[0.0]		[0.0]		[0.0]		[0.0]		[0.0]		[0.0]		[0.0]		[0.0]		[0.0]		[0.0]		[0.0]		[0.0]		[0.0]		[0.0]		[0.0]		[0.0]		[0.0]		[0.0]		[0.0]		[0.0]		[0.0]		[0.0]		[0.0]		[0.0]		[0.0]		[0.0]		[0.0]		[0.0]		[0.0]		[0.0]		[0.0]		[0.0]		[0.0]		[0.0]		[0.0]		[0.0]		[0.0]		[0.0]		[0.0]		[0.0]		[0.0]		[0.0]		[0.0]		[0.0]		[0.0]		[0.0]		[0.0]		[0.0]		[0.0]		[0.0]		[0.0]		[0.0]		[0.0]	EventEndError
	[24.0]		[21.0]		[27.0]		[21.0]		[21.0]		[26.0]		[24.0]		[27.0]		[23.0]		[32.0]		[32.0]		[27.0]		[27.0]		[27.0]		[27.0]		[27.0]		[27.0]		[27.0]		[27.0]		[27.0]		[27.0]		[27.0]		[27.0]		[27.0]		[29.0]		[27.0]		[27.0]		[27.0]		[29.0]		[27.0]		[0.0]		[0.0]		[0.0]		[0.0]		[0.0]		[0.0]		[0.0]		[0.0]		[0.0]		[0.0]		[0.0]		[0.0]		[0.0]		[0.0]		[0.0]		[0.0]		[0.0]		[0.0]		[0.0]		[0.0]		[0.0]		[0.0]		[0.0]		[0.0]		[0.0]		[0.0]		[0.0]		[0.0]		[0.0]		[0.0]		[0.0]		[0.0]		[0.0]		[0.0]		[0.0]		[0.0]		[0.0]		[0.0]		[0.0]		[0.0]		[0.0]		[0.0]		[0.0]		[0.0]		[0.0]		[0.0]		[0.0]		[0.0]		[0.0]		[0.0]		[0.0]		[0.0]		[0.0]		[0.0]		[0.0]		[0.0]		[0.0]		[0.0]		[0.0]		[0.0]		[0.0]		[0.0]		[0.0]		[0.0]		[0.0]		[0.0]	EventStartRule
	[24.0]		[21.0]		[27.0]		[21.0]		[21.0]		[24.0]		[25.0]		[27.0]		[21.0]		[30.0]		[31.0]		[27.0]		[27.0]		[27.0]		[27.0]		[27.0]		[27.0]		[27.0]		[27.0]		[27.0]		[27.0]		[27.0]		[27.0]		[27.0]		[27.0]		[27.0]		[28.0]		[27.0]		[27.0]		[27.0]		[0.0]		[0.0]		[0.0]		[0.0]		[0.0]		[0.0]		[0.0]		[0.0]		[0.0]		[0.0]		[0.0]		[0.0]		[0.0]		[0.0]		[0.0]		[0.0]		[0.0]		[0.0]		[0.0]		[0.0]		[0.0]		[0.0]		[0.0]		[0.0]		[0.0]		[0.0]		[0.0]		[0.0]		[0.0]		[0.0]		[0.0]		[0.0]		[0.0]		[0.0]		[0.0]		[0.0]		[0.0]		[0.0]		[0.0]		[0.0]		[0.0]		[0.0]		[0.0]		[0.0]		[0.0]		[0.0]		[0.0]		[0.0]		[0.0]		[0.0]		[0.0]		[0.0]		[0.0]		[0.0]		[0.0]		[0.0]		[0.0]		[0.0]		[0.0]		[0.0]		[0.0]		[0.0]		[0.0]		[0.0]		[0.0]		[0.0]	EventEndTerminate
	[24.0]		[21.0]		[27.0]		[21.0]		[21.0]		[24.0]		[24.0]		[27.0]		[21.0]		[30.0]		[30.0]		[27.0]		[27.0]		[27.0]		[27.0]		[27.0]		[27.0]		[27.0]		[27.0]		[27.0]		[27.0]		[27.0]		[27.0]		[27.0]		[27.0]		[27.0]		[27.0]		[27.0]		[27.0]		[27.0]		[0.0]		[0.0]		[0.0]		[0.0]		[0.0]		[0.0]		[0.0]		[0.0]		[0.0]		[0.0]		[0.0]		[0.0]		[0.0]		[0.0]		[0.0]		[0.0]		[0.0]		[0.0]		[0.0]		[0.0]		[0.0]		[0.0]		[0.0]		[0.0]		[0.0]		[0.0]		[0.0]		[0.0]		[0.0]		[0.0]		[0.0]		[0.0]		[0.0]		[0.0]		[0.0]		[0.0]		[0.0]		[0.0]		[0.0]		[0.0]		[0.0]		[0.0]		[0.0]		[0.0]		[0.0]		[0.0]		[0.0]		[0.0]		[0.0]		[0.0]		[0.0]		[0.0]		[0.0]		[0.0]		[0.0]		[0.0]		[0.0]		[0.0]		[0.0]		[0.0]		[0.0]		[0.0]		[0.0]		[0.0]		[0.0]		[0.0]	EventStartLink
	[24.0]		[21.0]		[27.0]		[21.0]		[21.0]		[24.0]		[25.0]		[27.0]		[21.0]		[30.0]		[30.0]		[27.0]		[27.0]		[27.0]		[27.0]		[27.0]		[27.0]		[27.0]		[27.0]		[27.0]		[27.0]		[27.0]		[27.0]		[27.0]		[27.0]		[27.0]		[28.0]		[27.0]		[27.0]		[27.0]		[0.0]		[0.0]		[0.0]		[0.0]		[0.0]		[0.0]		[0.0]		[0.0]		[0.0]		[0.0]		[0.0]		[0.0]		[0.0]		[0.0]		[0.0]		[0.0]		[0.0]		[0.0]		[0.0]		[0.0]		[0.0]		[0.0]		[0.0]		[0.0]		[0.0]		[0.0]		[0.0]		[0.0]		[0.0]		[0.0]		[0.0]		[0.0]		[0.0]		[0.0]		[0.0]		[0.0]		[0.0]		[0.0]		[0.0]		[0.0]		[0.0]		[0.0]		[0.0]		[0.0]		[0.0]		[0.0]		[0.0]		[0.0]		[0.0]		[0.0]		[0.0]		[0.0]		[0.0]		[0.0]		[0.0]		[0.0]		[0.0]		[0.0]		[0.0]		[0.0]		[0.0]		[0.0]		[0.0]		[0.0]		[0.0]		[0.0]	EventIntermediateLink
	[24.0]		[21.0]		[27.0]		[21.0]		[21.0]		[24.0]		[24.0]		[27.0]		[21.0]		[30.0]		[30.0]		[27.0]		[27.0]		[27.0]		[27.0]		[27.0]		[27.0]		[27.0]		[27.0]		[27.0]		[27.0]		[27.0]		[27.0]		[27.0]		[27.0]		[27.0]		[27.0]		[27.0]		[27.0]		[27.0]		[0.0]		[0.0]		[0.0]		[0.0]		[0.0]		[0.0]		[0.0]		[0.0]		[0.0]		[0.0]		[0.0]		[0.0]		[0.0]		[0.0]		[0.0]		[0.0]		[0.0]		[0.0]		[0.0]		[0.0]		[0.0]		[0.0]		[0.0]		[0.0]		[0.0]		[0.0]		[0.0]		[0.0]		[0.0]		[0.0]		[0.0]		[0.0]		[0.0]		[0.0]		[0.0]		[0.0]		[0.0]		[0.0]		[0.0]		[0.0]		[0.0]		[0.0]		[0.0]		[0.0]		[0.0]		[0.0]		[0.0]		[0.0]		[0.0]		[0.0]		[0.0]		[0.0]		[0.0]		[0.0]		[0.0]		[0.0]		[0.0]		[0.0]		[0.0]		[0.0]		[0.0]		[0.0]		[0.0]		[0.0]		[0.0]		[0.0]	EventEndCancel
	[24.0]		[21.0]		[27.0]		[21.0]		[21.0]		[24.0]		[24.0]		[27.0]		[21.0]		[30.0]		[30.0]		[27.0]		[27.0]		[27.0]		[27.0]		[27.0]		[27.0]		[27.0]		[27.0]		[27.0]		[27.0]		[27.0]		[27.0]		[27.0]		[27.0]		[27.0]		[27.0]		[27.0]		[27.0]		[27.0]		[0.0]		[0.0]		[0.0]		[0.0]		[0.0]		[0.0]		[0.0]		[0.0]		[0.0]		[0.0]		[0.0]		[0.0]		[0.0]		[0.0]		[0.0]		[0.0]		[0.0]		[0.0]		[0.0]		[0.0]		[0.0]		[0.0]		[0.0]		[0.0]		[0.0]		[0.0]		[0.0]		[0.0]		[0.0]		[0.0]		[0.0]		[0.0]		[0.0]		[0.0]		[0.0]		[0.0]		[0.0]		[0.0]		[0.0]		[0.0]		[0.0]		[0.0]		[0.0]		[0.0]		[0.0]		[0.0]		[0.0]		[0.0]		[0.0]		[0.0]		[0.0]		[0.0]		[0.0]		[0.0]		[0.0]		[0.0]		[0.0]		[0.0]		[0.0]		[0.0]		[0.0]		[0.0]		[0.0]		[0.0]		[0.0]		[0.0]	EventEndLink
	[24.0]		[21.0]		[27.0]		[21.0]		[21.0]		[24.0]		[25.0]		[27.0]		[21.0]		[30.0]		[30.0]		[27.0]		[27.0]		[27.0]		[27.0]		[27.0]		[27.0]		[27.0]		[27.0]		[27.0]		[27.0]		[27.0]		[27.0]		[27.0]		[27.0]		[27.0]		[28.0]		[27.0]		[27.0]		[27.0]		[0.0]		[0.0]		[0.0]		[0.0]		[0.0]		[0.0]		[0.0]		[0.0]		[0.0]		[0.0]		[0.0]		[0.0]		[0.0]		[0.0]		[0.0]		[0.0]		[0.0]		[0.0]		[0.0]		[0.0]		[0.0]		[0.0]		[0.0]		[0.0]		[0.0]		[0.0]		[0.0]		[0.0]		[0.0]		[0.0]		[0.0]		[0.0]		[0.0]		[0.0]		[0.0]		[0.0]		[0.0]		[0.0]		[0.0]		[0.0]		[0.0]		[0.0]		[0.0]		[0.0]		[0.0]		[0.0]		[0.0]		[0.0]		[0.0]		[0.0]		[0.0]		[0.0]		[0.0]		[0.0]		[0.0]		[0.0]		[0.0]		[0.0]		[0.0]		[0.0]		[0.0]		[0.0]		[0.0]		[0.0]		[0.0]		[0.0]	EventIntermediateEmpty
	[24.0]		[21.0]		[28.0]		[21.0]		[21.0]		[24.0]		[25.0]		[28.0]		[22.0]		[30.0]		[30.0]		[27.0]		[27.0]		[27.0]		[27.0]		[28.0]		[27.0]		[27.0]		[27.0]		[27.0]		[28.0]		[27.0]		[27.0]		[28.0]		[27.0]		[27.0]		[28.0]		[28.0]		[28.0]		[28.0]		[0.0]		[0.0]		[0.0]		[0.0]		[0.0]		[0.0]		[0.0]		[0.0]		[0.0]		[0.0]		[0.0]		[0.0]		[0.0]		[0.0]		[0.0]		[0.0]		[0.0]		[0.0]		[0.0]		[0.0]		[0.0]		[0.0]		[0.0]		[0.0]		[0.0]		[0.0]		[0.0]		[0.0]		[0.0]		[0.0]		[0.0]		[0.0]		[0.0]		[0.0]		[0.0]		[0.0]		[0.0]		[0.0]		[0.0]		[0.0]		[0.0]		[0.0]		[0.0]		[0.0]		[0.0]		[0.0]		[0.0]		[0.0]		[0.0]		[0.0]		[0.0]		[0.0]		[0.0]		[0.0]		[0.0]		[0.0]		[0.0]		[0.0]		[0.0]		[0.0]		[0.0]		[0.0]		[0.0]		[0.0]		[0.0]		[0.0]	EventIntermediateCompensation
	[24.0]		[21.0]		[27.0]		[21.0]		[21.0]		[24.0]		[24.0]		[27.0]		[21.0]		[30.0]		[30.0]		[27.0]		[27.0]		[27.0]		[27.0]		[27.0]		[27.0]		[27.0]		[27.0]		[27.0]		[27.0]		[27.0]		[27.0]		[27.0]		[27.0]		[27.0]		[27.0]		[27.0]		[27.0]		[27.0]		[0.0]		[0.0]		[0.0]		[0.0]		[0.0]		[0.0]		[0.0]		[0.0]		[0.0]		[0.0]		[0.0]		[0.0]		[0.0]		[0.0]		[0.0]		[0.0]		[0.0]		[0.0]		[0.0]		[0.0]		[0.0]		[0.0]		[0.0]		[0.0]		[0.0]		[0.0]		[0.0]		[0.0]		[0.0]		[0.0]		[0.0]		[0.0]		[0.0]		[0.0]		[0.0]		[0.0]		[0.0]		[0.0]		[0.0]		[0.0]		[0.0]		[0.0]		[0.0]		[0.0]		[0.0]		[0.0]		[0.0]		[0.0]		[0.0]		[0.0]		[0.0]		[0.0]		[0.0]		[0.0]		[0.0]		[0.0]		[0.0]		[0.0]		[0.0]		[0.0]		[0.0]		[0.0]		[0.0]		[0.0]		[0.0]		[0.0]	Task
	[24.0]		[21.0]		[27.0]		[21.0]		[21.0]		[24.0]		[24.0]		[27.0]		[21.0]		[30.0]		[30.0]		[27.0]		[27.0]		[27.0]		[27.0]		[27.0]		[27.0]		[27.0]		[27.0]		[27.0]		[27.0]		[27.0]		[27.0]		[27.0]		[27.0]		[27.0]		[27.0]		[27.0]		[27.0]		[27.0]		[0.0]		[0.0]		[0.0]		[0.0]		[0.0]		[0.0]		[0.0]		[0.0]		[0.0]		[0.0]		[0.0]		[0.0]		[0.0]		[0.0]		[0.0]		[0.0]		[0.0]		[0.0]		[0.0]		[0.0]		[0.0]		[0.0]		[0.0]		[0.0]		[0.0]		[0.0]		[0.0]		[0.0]		[0.0]		[0.0]		[0.0]		[0.0]		[0.0]		[0.0]		[0.0]		[0.0]		[0.0]		[0.0]		[0.0]		[0.0]		[0.0]		[0.0]		[0.0]		[0.0]		[0.0]		[0.0]		[0.0]		[0.0]		[0.0]		[0.0]		[0.0]		[0.0]		[0.0]		[0.0]		[0.0]		[0.0]		[0.0]		[0.0]		[0.0]		[0.0]		[0.0]		[0.0]		[0.0]		[0.0]		[0.0]		[0.0]	GatewayDataBasedExclusive
	[24.0]		[21.0]		[27.0]		[21.0]		[21.0]		[24.0]		[24.0]		[27.0]		[21.0]		[30.0]		[30.0]		[27.0]		[27.0]		[27.0]		[27.0]		[27.0]		[27.0]		[27.0]		[27.0]		[27.0]		[27.0]		[27.0]		[27.0]		[27.0]		[27.0]		[27.0]		[27.0]		[27.0]		[27.0]		[27.0]		[0.0]		[0.0]		[0.0]		[0.0]		[0.0]		[0.0]		[0.0]		[0.0]		[0.0]		[0.0]		[0.0]		[0.0]		[0.0]		[0.0]		[0.0]		[0.0]		[0.0]		[0.0]		[0.0]		[0.0]		[0.0]		[0.0]		[0.0]		[0.0]		[0.0]		[0.0]		[0.0]		[0.0]		[0.0]		[0.0]		[0.0]		[0.0]		[0.0]		[0.0]		[0.0]		[0.0]		[0.0]		[0.0]		[0.0]		[0.0]		[0.0]		[0.0]		[0.0]		[0.0]		[0.0]		[0.0]		[0.0]		[0.0]		[0.0]		[0.0]		[0.0]		[0.0]		[0.0]		[0.0]		[0.0]		[0.0]		[0.0]		[0.0]		[0.0]		[0.0]		[0.0]		[0.0]		[0.0]		[0.0]		[0.0]		[0.0]	GatewayComplex
	[24.0]		[21.0]		[27.0]		[21.0]		[21.0]		[24.0]		[24.0]		[27.0]		[21.0]		[30.0]		[30.0]		[27.0]		[27.0]		[27.0]		[27.0]		[27.0]		[27.0]		[27.0]		[27.0]		[27.0]		[27.0]		[27.0]		[27.0]		[27.0]		[27.0]		[27.0]		[27.0]		[27.0]		[27.0]		[27.0]		[0.0]		[0.0]		[0.0]		[0.0]		[0.0]		[0.0]		[0.0]		[0.0]		[0.0]		[0.0]		[0.0]		[0.0]		[0.0]		[0.0]		[0.0]		[0.0]		[0.0]		[0.0]		[0.0]		[0.0]		[0.0]		[0.0]		[0.0]		[0.0]		[0.0]		[0.0]		[0.0]		[0.0]		[0.0]		[0.0]		[0.0]		[0.0]		[0.0]		[0.0]		[0.0]		[0.0]		[0.0]		[0.0]		[0.0]		[0.0]		[0.0]		[0.0]		[0.0]		[0.0]		[0.0]		[0.0]		[0.0]		[0.0]		[0.0]		[0.0]		[0.0]		[0.0]		[0.0]		[0.0]		[0.0]		[0.0]		[0.0]		[0.0]		[0.0]		[0.0]		[0.0]		[0.0]		[0.0]		[0.0]		[0.0]		[0.0]	EventEndEmpty
	[24.0]		[21.0]		[27.0]		[21.0]		[21.0]		[24.0]		[25.0]		[27.0]		[21.0]		[30.0]		[30.0]		[27.0]		[27.0]		[27.0]		[27.0]		[27.0]		[27.0]		[27.0]		[27.0]		[27.0]		[27.0]		[27.0]		[27.0]		[27.0]		[27.0]		[27.0]		[28.0]		[27.0]		[27.0]		[27.0]		[0.0]		[0.0]		[0.0]		[0.0]		[0.0]		[0.0]		[0.0]		[0.0]		[0.0]		[0.0]		[0.0]		[0.0]		[0.0]		[0.0]		[0.0]		[0.0]		[0.0]		[0.0]		[0.0]		[0.0]		[0.0]		[0.0]		[0.0]		[0.0]		[0.0]		[0.0]		[0.0]		[0.0]		[0.0]		[0.0]		[0.0]		[0.0]		[0.0]		[0.0]		[0.0]		[0.0]		[0.0]		[0.0]		[0.0]		[0.0]		[0.0]		[0.0]		[0.0]		[0.0]		[0.0]		[0.0]		[0.0]		[0.0]		[0.0]		[0.0]		[0.0]		[0.0]		[0.0]		[0.0]		[0.0]		[0.0]		[0.0]		[0.0]		[0.0]		[0.0]		[0.0]		[0.0]		[0.0]		[0.0]		[0.0]		[0.0]	EventIntermediateError
	[24.0]		[21.0]		[27.0]		[21.0]		[21.0]		[24.0]		[25.0]		[27.0]		[21.0]		[30.0]		[30.0]		[27.0]		[27.0]		[27.0]		[27.0]		[27.0]		[27.0]		[27.0]		[27.0]		[27.0]		[27.0]		[27.0]		[27.0]		[27.0]		[27.0]		[27.0]		[28.0]		[27.0]		[27.0]		[27.0]		[0.0]		[0.0]		[0.0]		[0.0]		[0.0]		[0.0]		[0.0]		[0.0]		[0.0]		[0.0]		[0.0]		[0.0]		[0.0]		[0.0]		[0.0]		[0.0]		[0.0]		[0.0]		[0.0]		[0.0]		[0.0]		[0.0]		[0.0]		[0.0]		[0.0]		[0.0]		[0.0]		[0.0]		[0.0]		[0.0]		[0.0]		[0.0]		[0.0]		[0.0]		[0.0]		[0.0]		[0.0]		[0.0]		[0.0]		[0.0]		[0.0]		[0.0]		[0.0]		[0.0]		[0.0]		[0.0]		[0.0]		[0.0]		[0.0]		[0.0]		[0.0]		[0.0]		[0.0]		[0.0]		[0.0]		[0.0]		[0.0]		[0.0]		[0.0]		[0.0]		[0.0]		[0.0]		[0.0]		[0.0]		[0.0]		[0.0]	EventIntermediateTimer
	[24.0]		[21.0]		[27.0]		[21.0]		[21.0]		[24.0]		[24.0]		[29.0]		[23.0]		[30.0]		[30.0]		[27.0]		[27.0]		[27.0]		[27.0]		[28.0]		[27.0]		[27.0]		[27.0]		[27.0]		[27.0]		[27.0]		[27.0]		[27.0]		[27.0]		[27.0]		[27.0]		[29.0]		[29.0]		[29.0]		[0.0]		[0.0]		[0.0]		[0.0]		[0.0]		[0.0]		[0.0]		[0.0]		[0.0]		[0.0]		[0.0]		[0.0]		[0.0]		[0.0]		[0.0]		[0.0]		[0.0]		[0.0]		[0.0]		[0.0]		[0.0]		[0.0]		[0.0]		[0.0]		[0.0]		[0.0]		[0.0]		[0.0]		[0.0]		[0.0]		[0.0]		[0.0]		[0.0]		[0.0]		[0.0]		[0.0]		[0.0]		[0.0]		[0.0]		[0.0]		[0.0]		[0.0]		[0.0]		[0.0]		[0.0]		[0.0]		[0.0]		[0.0]		[0.0]		[0.0]		[0.0]		[0.0]		[0.0]		[0.0]		[0.0]		[0.0]		[0.0]		[0.0]		[0.0]		[0.0]		[0.0]		[0.0]		[0.0]		[0.0]		[0.0]		[0.0]	EventEndCompensation
	[24.0]		[21.0]		[27.0]		[21.0]		[21.0]		[24.0]		[24.0]		[27.0]		[21.0]		[30.0]		[30.0]		[27.0]		[27.0]		[27.0]		[27.0]		[28.0]		[27.0]		[27.0]		[27.0]		[27.0]		[27.0]		[27.0]		[27.0]		[27.0]		[27.0]		[27.0]		[27.0]		[27.0]		[27.0]		[27.0]		[0.0]		[0.0]		[0.0]		[0.0]		[0.0]		[0.0]		[0.0]		[0.0]		[0.0]		[0.0]		[0.0]		[0.0]		[0.0]		[0.0]		[0.0]		[0.0]		[0.0]		[0.0]		[0.0]		[0.0]		[0.0]		[0.0]		[0.0]		[0.0]		[0.0]		[0.0]		[0.0]		[0.0]		[0.0]		[0.0]		[0.0]		[0.0]		[0.0]		[0.0]		[0.0]		[0.0]		[0.0]		[0.0]		[0.0]		[0.0]		[0.0]		[0.0]		[0.0]		[0.0]		[0.0]		[0.0]		[0.0]		[0.0]		[0.0]		[0.0]		[0.0]		[0.0]		[0.0]		[0.0]		[0.0]		[0.0]		[0.0]		[0.0]		[0.0]		[0.0]		[0.0]		[0.0]		[0.0]		[0.0]		[0.0]		[0.0]	EventStartMessage
	[24.0]		[21.0]		[27.0]		[21.0]		[21.0]		[24.0]		[24.0]		[27.0]		[21.0]		[30.0]		[30.0]		[27.0]		[27.0]		[27.0]		[27.0]		[27.0]		[27.0]		[27.0]		[27.0]		[27.0]		[27.0]		[27.0]		[27.0]		[27.0]		[27.0]		[27.0]		[27.0]		[27.0]		[27.0]		[27.0]		[0.0]		[0.0]		[0.0]		[0.0]		[0.0]		[0.0]		[0.0]		[0.0]		[0.0]		[0.0]		[0.0]		[0.0]		[0.0]		[0.0]		[0.0]		[0.0]		[0.0]		[0.0]		[0.0]		[0.0]		[0.0]		[0.0]		[0.0]		[0.0]		[0.0]		[0.0]		[0.0]		[0.0]		[0.0]		[0.0]		[0.0]		[0.0]		[0.0]		[0.0]		[0.0]		[0.0]		[0.0]		[0.0]		[0.0]		[0.0]		[0.0]		[0.0]		[0.0]		[0.0]		[0.0]		[0.0]		[0.0]		[0.0]		[0.0]		[0.0]		[0.0]		[0.0]		[0.0]		[0.0]		[0.0]		[0.0]		[0.0]		[0.0]		[0.0]		[0.0]		[0.0]		[0.0]		[0.0]		[0.0]		[0.0]		[0.0]	GatewayDataBasedInclusive
	[24.0]		[21.0]		[27.0]		[21.0]		[21.0]		[24.0]		[24.0]		[27.0]		[21.0]		[30.0]		[30.0]		[27.0]		[27.0]		[27.0]		[27.0]		[27.0]		[27.0]		[27.0]		[27.0]		[27.0]		[27.0]		[27.0]		[27.0]		[27.0]		[27.0]		[27.0]		[27.0]		[27.0]		[27.0]		[27.0]		[0.0]		[0.0]		[0.0]		[0.0]		[0.0]		[0.0]		[0.0]		[0.0]		[0.0]		[0.0]		[0.0]		[0.0]		[0.0]		[0.0]		[0.0]		[0.0]		[0.0]		[0.0]		[0.0]		[0.0]		[0.0]		[0.0]		[0.0]		[0.0]		[0.0]		[0.0]		[0.0]		[0.0]		[0.0]		[0.0]		[0.0]		[0.0]		[0.0]		[0.0]		[0.0]		[0.0]		[0.0]		[0.0]		[0.0]		[0.0]		[0.0]		[0.0]		[0.0]		[0.0]		[0.0]		[0.0]		[0.0]		[0.0]		[0.0]		[0.0]		[0.0]		[0.0]		[0.0]		[0.0]		[0.0]		[0.0]		[0.0]		[0.0]		[0.0]		[0.0]		[0.0]		[0.0]		[0.0]		[0.0]		[0.0]		[0.0]	GatewayEventBasedExclusive
	[24.0]		[21.0]		[27.0]		[21.0]		[21.0]		[26.0]		[25.0]		[27.0]		[21.0]		[32.0]		[32.0]		[27.0]		[27.0]		[27.0]		[27.0]		[27.0]		[27.0]		[27.0]		[27.0]		[27.0]		[27.0]		[27.0]		[27.0]		[27.0]		[29.0]		[27.0]		[28.0]		[27.0]		[27.0]		[27.0]		[0.0]		[0.0]		[0.0]		[0.0]		[0.0]		[0.0]		[0.0]		[0.0]		[0.0]		[0.0]		[0.0]		[0.0]		[0.0]		[0.0]		[0.0]		[0.0]		[0.0]		[0.0]		[0.0]		[0.0]		[0.0]		[0.0]		[0.0]		[0.0]		[0.0]		[0.0]		[0.0]		[0.0]		[0.0]		[0.0]		[0.0]		[0.0]		[0.0]		[0.0]		[0.0]		[0.0]		[0.0]		[0.0]		[0.0]		[0.0]		[0.0]		[0.0]		[0.0]		[0.0]		[0.0]		[0.0]		[0.0]		[0.0]		[0.0]		[0.0]		[0.0]		[0.0]		[0.0]		[0.0]		[0.0]		[0.0]		[0.0]		[0.0]		[0.0]		[0.0]		[0.0]		[0.0]		[0.0]		[0.0]		[0.0]		[0.0]	EventIntermediateRule
	[24.0]		[21.0]		[27.0]		[21.0]		[21.0]		[24.0]		[24.0]		[27.0]		[21.0]		[30.0]		[30.0]		[27.0]		[27.0]		[27.0]		[27.0]		[27.0]		[27.0]		[27.0]		[27.0]		[27.0]		[27.0]		[27.0]		[27.0]		[27.0]		[27.0]		[27.0]		[27.0]		[27.0]		[27.0]		[27.0]		[0.0]		[0.0]		[0.0]		[0.0]		[0.0]		[0.0]		[0.0]		[0.0]		[0.0]		[0.0]		[0.0]		[0.0]		[0.0]		[0.0]		[0.0]		[0.0]		[0.0]		[0.0]		[0.0]		[0.0]		[0.0]		[0.0]		[0.0]		[0.0]		[0.0]		[0.0]		[0.0]		[0.0]		[0.0]		[0.0]		[0.0]		[0.0]		[0.0]		[0.0]		[0.0]		[0.0]		[0.0]		[0.0]		[0.0]		[0.0]		[0.0]		[0.0]		[0.0]		[0.0]		[0.0]		[0.0]		[0.0]		[0.0]		[0.0]		[0.0]		[0.0]		[0.0]		[0.0]		[0.0]		[0.0]		[0.0]		[0.0]		[0.0]		[0.0]		[0.0]		[0.0]		[0.0]		[0.0]		[0.0]		[0.0]		[0.0]	Both
	[24.0]		[21.0]		[27.0]		[21.0]		[21.0]		[24.0]		[24.0]		[27.0]		[21.0]		[30.0]		[30.0]		[27.0]		[27.0]		[27.0]		[27.0]		[27.0]		[27.0]		[27.0]		[27.0]		[27.0]		[27.0]		[27.0]		[27.0]		[27.0]		[27.0]		[27.0]		[27.0]		[27.0]		[27.0]		[27.0]		[0.0]		[0.0]		[0.0]		[0.0]		[0.0]		[0.0]		[0.0]		[0.0]		[0.0]		[0.0]		[0.0]		[0.0]		[0.0]		[0.0]		[0.0]		[0.0]		[0.0]		[0.0]		[0.0]		[0.0]		[0.0]		[0.0]		[0.0]		[0.0]		[0.0]		[0.0]		[0.0]		[0.0]		[0.0]		[0.0]		[0.0]		[0.0]		[0.0]		[0.0]		[0.0]		[0.0]		[0.0]		[0.0]		[0.0]		[0.0]		[0.0]		[0.0]		[0.0]		[0.0]		[0.0]		[0.0]		[0.0]		[0.0]		[0.0]		[0.0]		[0.0]		[0.0]		[0.0]		[0.0]		[0.0]		[0.0]		[0.0]		[0.0]		[0.0]		[0.0]		[0.0]		[0.0]		[0.0]		[0.0]		[0.0]		[0.0]	From
	[24.0]		[21.0]		[27.0]		[21.0]		[21.0]		[24.0]		[24.0]		[27.0]		[21.0]		[30.0]		[30.0]		[27.0]		[27.0]		[27.0]		[27.0]		[27.0]		[27.0]		[27.0]		[27.0]		[27.0]		[27.0]		[27.0]		[27.0]		[27.0]		[27.0]		[27.0]		[27.0]		[27.0]		[27.0]		[27.0]		[0.0]		[0.0]		[0.0]		[0.0]		[0.0]		[0.0]		[0.0]		[0.0]		[0.0]		[0.0]		[0.0]		[0.0]		[0.0]		[0.0]		[0.0]		[0.0]		[0.0]		[0.0]		[0.0]		[0.0]		[0.0]		[0.0]		[0.0]		[0.0]		[0.0]		[0.0]		[0.0]		[0.0]		[0.0]		[0.0]		[0.0]		[0.0]		[0.0]		[0.0]		[0.0]		[0.0]		[0.0]		[0.0]		[0.0]		[0.0]		[0.0]		[0.0]		[0.0]		[0.0]		[0.0]		[0.0]		[0.0]		[0.0]		[0.0]		[0.0]		[0.0]		[0.0]		[0.0]		[0.0]		[0.0]		[0.0]		[0.0]		[0.0]		[0.0]		[0.0]		[0.0]		[0.0]		[0.0]		[0.0]		[0.0]		[0.0]	To
	[24.0]		[21.0]		[27.0]		[21.0]		[21.0]		[24.0]		[24.0]		[27.0]		[21.0]		[30.0]		[30.0]		[27.0]		[27.0]		[27.0]		[27.0]		[27.0]		[27.0]		[27.0]		[27.0]		[27.0]		[27.0]		[27.0]		[27.0]		[27.0]		[27.0]		[27.0]		[27.0]		[27.0]		[27.0]		[27.0]		[0.0]		[0.0]		[0.0]		[0.0]		[0.0]		[0.0]		[0.0]		[0.0]		[0.0]		[0.0]		[0.0]		[0.0]		[0.0]		[0.0]		[0.0]		[0.0]		[0.0]		[0.0]		[0.0]		[0.0]		[0.0]		[0.0]		[0.0]		[0.0]		[0.0]		[0.0]		[0.0]		[0.0]		[0.0]		[0.0]		[0.0]		[0.0]		[0.0]		[0.0]		[0.0]		[0.0]		[0.0]		[0.0]		[0.0]		[0.0]		[0.0]		[0.0]		[0.0]		[0.0]		[0.0]		[0.0]		[0.0]		[0.0]		[0.0]		[0.0]		[0.0]		[0.0]		[0.0]		[0.0]		[0.0]		[0.0]		[0.0]		[0.0]		[0.0]		[0.0]		[0.0]		[0.0]		[0.0]		[0.0]		[0.0]		[0.0]	None
	[21.0]		[18.0]		[24.0]		[18.0]		[18.0]		[21.0]		[21.0]		[27.0]		[20.0]		[27.0]		[27.0]		[92.0]		[92.0]		[92.0]		[92.0]		[92.0]		[92.0]		[24.0]		[24.0]		[24.0]		[24.0]		[24.0]		[24.0]		[24.0]		[24.0]		[24.0]		[24.0]		[27.0]		[26.0]		[27.0]		[0.0]		[0.0]		[0.0]		[0.0]		[0.0]		[0.0]		[0.0]		[0.0]		[0.0]		[0.0]		[0.0]		[0.0]		[0.0]		[0.0]		[0.0]		[0.0]		[0.0]		[0.0]		[0.0]		[0.0]		[0.0]		[0.0]		[0.0]		[0.0]		[0.0]		[0.0]		[0.0]		[0.0]		[0.0]		[0.0]		[0.0]		[0.0]		[0.0]		[0.0]		[0.0]		[0.0]		[0.0]		[0.0]		[0.0]		[0.0]		[0.0]		[0.0]		[0.0]		[0.0]		[0.0]		[0.0]		[0.0]		[0.0]		[0.0]		[0.0]		[0.0]		[0.0]		[0.0]		[0.0]		[0.0]		[0.0]		[0.0]		[0.0]		[0.0]		[0.0]		[0.0]		[0.0]		[0.0]		[0.0]		[0.0]		[0.0]	activityType
	[21.0]		[18.0]		[24.0]		[18.0]		[18.0]		[21.0]		[21.0]		[24.0]		[18.0]		[27.0]		[27.0]		[92.0]		[92.0]		[92.0]		[92.0]		[92.0]		[92.0]		[24.0]		[24.0]		[24.0]		[24.0]		[24.0]		[24.0]		[24.0]		[24.0]		[24.0]		[24.0]		[24.0]		[24.0]		[24.0]		[0.0]		[0.0]		[0.0]		[0.0]		[0.0]		[0.0]		[0.0]		[0.0]		[0.0]		[0.0]		[0.0]		[0.0]		[0.0]		[0.0]		[0.0]		[0.0]		[0.0]		[0.0]		[0.0]		[0.0]		[0.0]		[0.0]		[0.0]		[0.0]		[0.0]		[0.0]		[0.0]		[0.0]		[0.0]		[0.0]		[0.0]		[0.0]		[0.0]		[0.0]		[0.0]		[0.0]		[0.0]		[0.0]		[0.0]		[0.0]		[0.0]		[0.0]		[0.0]		[0.0]		[0.0]		[0.0]		[0.0]		[0.0]		[0.0]		[0.0]		[0.0]		[0.0]		[0.0]		[0.0]		[0.0]		[0.0]		[0.0]		[0.0]		[0.0]		[0.0]		[0.0]		[0.0]		[0.0]		[0.0]		[0.0]		[0.0]	looping
	[21.0]		[18.0]		[27.0]		[18.0]		[18.0]		[21.0]		[21.0]		[28.0]		[22.0]		[27.0]		[27.0]		[92.0]		[92.0]		[92.0]		[92.0]		[93.0]		[92.0]		[24.0]		[24.0]		[24.0]		[27.0]		[24.0]		[24.0]		[27.0]		[24.0]		[24.0]		[24.0]		[28.0]		[27.0]		[28.0]		[0.0]		[0.0]		[0.0]		[0.0]		[0.0]		[0.0]		[0.0]		[0.0]		[0.0]		[0.0]		[0.0]		[0.0]		[0.0]		[0.0]		[0.0]		[0.0]		[0.0]		[0.0]		[0.0]		[0.0]		[0.0]		[0.0]		[0.0]		[0.0]		[0.0]		[0.0]		[0.0]		[0.0]		[0.0]		[0.0]		[0.0]		[0.0]		[0.0]		[0.0]		[0.0]		[0.0]		[0.0]		[0.0]		[0.0]		[0.0]		[0.0]		[0.0]		[0.0]		[0.0]		[0.0]		[0.0]		[0.0]		[0.0]		[0.0]		[0.0]		[0.0]		[0.0]		[0.0]		[0.0]		[0.0]		[0.0]		[0.0]		[0.0]		[0.0]		[0.0]		[0.0]		[0.0]		[0.0]		[0.0]		[0.0]		[0.0]	direction
	[21.0]		[18.0]		[24.0]		[18.0]		[18.0]		[21.0]		[21.0]		[24.0]		[18.0]		[27.0]		[27.0]		[92.0]		[92.0]		[92.0]		[92.0]		[92.0]		[92.0]		[24.0]		[24.0]		[24.0]		[24.0]		[24.0]		[24.0]		[24.0]		[24.0]		[24.0]		[24.0]		[24.0]		[24.0]		[24.0]		[0.0]		[0.0]		[0.0]		[0.0]		[0.0]		[0.0]		[0.0]		[0.0]		[0.0]		[0.0]		[0.0]		[0.0]		[0.0]		[0.0]		[0.0]		[0.0]		[0.0]		[0.0]		[0.0]		[0.0]		[0.0]		[0.0]		[0.0]		[0.0]		[0.0]		[0.0]		[0.0]		[0.0]		[0.0]		[0.0]		[0.0]		[0.0]		[0.0]		[0.0]		[0.0]		[0.0]		[0.0]		[0.0]		[0.0]		[0.0]		[0.0]		[0.0]		[0.0]		[0.0]		[0.0]		[0.0]		[0.0]		[0.0]		[0.0]		[0.0]		[0.0]		[0.0]		[0.0]		[0.0]		[0.0]		[0.0]		[0.0]		[0.0]		[0.0]		[0.0]		[0.0]		[0.0]		[0.0]		[0.0]		[0.0]		[0.0]	author
	[21.0]		[18.0]		[24.0]		[18.0]		[18.0]		[21.0]		[21.0]		[24.0]		[18.0]		[27.0]		[27.0]		[92.0]		[92.0]		[92.0]		[92.0]		[92.0]		[92.0]		[24.0]		[24.0]		[24.0]		[24.0]		[24.0]		[24.0]		[24.0]		[24.0]		[24.0]		[24.0]		[24.0]		[24.0]		[24.0]		[0.0]		[0.0]		[0.0]		[0.0]		[0.0]		[0.0]		[0.0]		[0.0]		[0.0]		[0.0]		[0.0]		[0.0]		[0.0]		[0.0]		[0.0]		[0.0]		[0.0]		[0.0]		[0.0]		[0.0]		[0.0]		[0.0]		[0.0]		[0.0]		[0.0]		[0.0]		[0.0]		[0.0]		[0.0]		[0.0]		[0.0]		[0.0]		[0.0]		[0.0]		[0.0]		[0.0]		[0.0]		[0.0]		[0.0]		[0.0]		[0.0]		[0.0]		[0.0]		[0.0]		[0.0]		[0.0]		[0.0]		[0.0]		[0.0]		[0.0]		[0.0]		[0.0]		[0.0]		[0.0]		[0.0]		[0.0]		[0.0]		[0.0]		[0.0]		[0.0]		[0.0]		[0.0]		[0.0]		[0.0]		[0.0]		[0.0]	title
	[21.0]		[18.0]		[24.0]		[18.0]		[18.0]		[21.0]		[21.0]		[24.0]		[18.0]		[27.0]		[27.0]		[92.0]		[92.0]		[92.0]		[92.0]		[92.0]		[92.0]		[24.0]		[24.0]		[24.0]		[24.0]		[24.0]		[24.0]		[24.0]		[24.0]		[24.0]		[24.0]		[24.0]		[24.0]		[24.0]		[0.0]		[0.0]		[0.0]		[0.0]		[0.0]		[0.0]		[0.0]		[0.0]		[0.0]		[0.0]		[0.0]		[0.0]		[0.0]		[0.0]		[0.0]		[0.0]		[0.0]		[0.0]		[0.0]		[0.0]		[0.0]		[0.0]		[0.0]		[0.0]		[0.0]		[0.0]		[0.0]		[0.0]		[0.0]		[0.0]		[0.0]		[0.0]		[0.0]		[0.0]		[0.0]		[0.0]		[0.0]		[0.0]		[0.0]		[0.0]		[0.0]		[0.0]		[0.0]		[0.0]		[0.0]		[0.0]		[0.0]		[0.0]		[0.0]		[0.0]		[0.0]		[0.0]		[0.0]		[0.0]		[0.0]		[0.0]		[0.0]		[0.0]		[0.0]		[0.0]		[0.0]		[0.0]		[0.0]		[0.0]		[0.0]		[0.0]	iD
	[21.0]		[18.0]		[24.0]		[18.0]		[18.0]		[21.0]		[21.0]		[26.0]		[20.0]		[27.0]		[27.0]		[92.0]		[92.0]		[92.0]		[92.0]		[93.0]		[92.0]		[24.0]		[24.0]		[24.0]		[24.0]		[24.0]		[24.0]		[24.0]		[24.0]		[24.0]		[24.0]		[26.0]		[26.0]		[26.0]		[0.0]		[0.0]		[0.0]		[0.0]		[0.0]		[0.0]		[0.0]		[0.0]		[0.0]		[0.0]		[0.0]		[0.0]		[0.0]		[0.0]		[0.0]		[0.0]		[0.0]		[0.0]		[0.0]		[0.0]		[0.0]		[0.0]		[0.0]		[0.0]		[0.0]		[0.0]		[0.0]		[0.0]		[0.0]		[0.0]		[0.0]		[0.0]		[0.0]		[0.0]		[0.0]		[0.0]		[0.0]		[0.0]		[0.0]		[0.0]		[0.0]		[0.0]		[0.0]		[0.0]		[0.0]		[0.0]		[0.0]		[0.0]		[0.0]		[0.0]		[0.0]		[0.0]		[0.0]		[0.0]		[0.0]		[0.0]		[0.0]		[0.0]		[0.0]		[0.0]		[0.0]		[0.0]		[0.0]		[0.0]		[0.0]		[0.0]	documentation
	[21.0]		[18.0]		[24.0]		[18.0]		[18.0]		[21.0]		[21.0]		[24.0]		[18.0]		[27.0]		[27.0]		[100.0]		[100.0]		[92.0]		[100.0]		[92.0]		[92.0]		[24.0]		[24.0]		[24.0]		[24.0]		[24.0]		[24.0]		[24.0]		[24.0]		[24.0]		[24.0]		[24.0]		[24.0]		[24.0]		[0.0]		[0.0]		[0.0]		[0.0]		[0.0]		[0.0]		[0.0]		[0.0]		[0.0]		[0.0]		[0.0]		[0.0]		[0.0]		[0.0]		[0.0]		[0.0]		[0.0]		[0.0]		[0.0]		[0.0]		[0.0]		[0.0]		[0.0]		[0.0]		[0.0]		[0.0]		[0.0]		[0.0]		[0.0]		[0.0]		[0.0]		[0.0]		[0.0]		[0.0]		[0.0]		[0.0]		[0.0]		[0.0]		[0.0]		[0.0]		[0.0]		[0.0]		[0.0]		[0.0]		[0.0]		[0.0]		[0.0]		[0.0]		[0.0]		[0.0]		[0.0]		[0.0]		[0.0]		[0.0]		[0.0]		[0.0]		[0.0]		[0.0]		[0.0]		[0.0]		[0.0]		[0.0]		[0.0]		[0.0]		[0.0]		[0.0]	name
	[21.0]		[18.0]		[24.0]		[18.0]		[18.0]		[21.0]		[21.0]		[24.0]		[18.0]		[27.0]		[27.0]		[97.0]		[97.0]		[92.0]		[97.0]		[92.0]		[92.0]		[24.0]		[24.0]		[24.0]		[24.0]		[24.0]		[24.0]		[24.0]		[24.0]		[24.0]		[24.0]		[24.0]		[24.0]		[24.0]		[0.0]		[0.0]		[0.0]		[0.0]		[0.0]		[0.0]		[0.0]		[0.0]		[0.0]		[0.0]		[0.0]		[0.0]		[0.0]		[0.0]		[0.0]		[0.0]		[0.0]		[0.0]		[0.0]		[0.0]		[0.0]		[0.0]		[0.0]		[0.0]		[0.0]		[0.0]		[0.0]		[0.0]		[0.0]		[0.0]		[0.0]		[0.0]		[0.0]		[0.0]		[0.0]		[0.0]		[0.0]		[0.0]		[0.0]		[0.0]		[0.0]		[0.0]		[0.0]		[0.0]		[0.0]		[0.0]		[0.0]		[0.0]		[0.0]		[0.0]		[0.0]		[0.0]		[0.0]		[0.0]		[0.0]		[0.0]		[0.0]		[0.0]		[0.0]		[0.0]		[0.0]		[0.0]		[0.0]		[0.0]		[0.0]		[0.0]	ncname
	[21.0]		[18.0]		[24.0]		[18.0]		[18.0]		[21.0]		[21.0]		[24.0]		[18.0]		[27.0]		[27.0]		[92.0]		[92.0]		[92.0]		[92.0]		[92.0]		[92.0]		[24.0]		[24.0]		[24.0]		[24.0]		[24.0]		[24.0]		[24.0]		[24.0]		[24.0]		[24.0]		[24.0]		[24.0]		[24.0]		[0.0]		[0.0]		[0.0]		[0.0]		[0.0]		[0.0]		[0.0]		[0.0]		[0.0]		[0.0]		[0.0]		[0.0]		[0.0]		[0.0]		[0.0]		[0.0]		[0.0]		[0.0]		[0.0]		[0.0]		[0.0]		[0.0]		[0.0]		[0.0]		[0.0]		[0.0]		[0.0]		[0.0]		[0.0]		[0.0]		[0.0]		[0.0]		[0.0]		[0.0]		[0.0]		[0.0]		[0.0]		[0.0]		[0.0]		[0.0]		[0.0]		[0.0]		[0.0]		[0.0]		[0.0]		[0.0]		[0.0]		[0.0]		[0.0]		[0.0]		[0.0]		[0.0]		[0.0]		[0.0]		[0.0]		[0.0]		[0.0]		[0.0]		[0.0]		[0.0]		[0.0]		[0.0]		[0.0]		[0.0]		[0.0]		[0.0]	isDefault
	[21.0]		[18.0]		[24.0]		[18.0]		[18.0]		[21.0]		[21.0]		[28.0]		[21.0]		[27.0]		[27.0]		[92.0]		[92.0]		[92.0]		[92.0]		[93.0]		[92.0]		[24.0]		[24.0]		[24.0]		[24.0]		[24.0]		[24.0]		[24.0]		[24.0]		[24.0]		[24.0]		[28.0]		[27.0]		[28.0]		[0.0]		[0.0]		[0.0]		[0.0]		[0.0]		[0.0]		[0.0]		[0.0]		[0.0]		[0.0]		[0.0]		[0.0]		[0.0]		[0.0]		[0.0]		[0.0]		[0.0]		[0.0]		[0.0]		[0.0]		[0.0]		[0.0]		[0.0]		[0.0]		[0.0]		[0.0]		[0.0]		[0.0]		[0.0]		[0.0]		[0.0]		[0.0]		[0.0]		[0.0]		[0.0]		[0.0]		[0.0]		[0.0]		[0.0]		[0.0]		[0.0]		[0.0]		[0.0]		[0.0]		[0.0]		[0.0]		[0.0]		[0.0]		[0.0]		[0.0]		[0.0]		[0.0]		[0.0]		[0.0]		[0.0]		[0.0]		[0.0]		[0.0]		[0.0]		[0.0]		[0.0]		[0.0]		[0.0]		[0.0]		[0.0]		[0.0]	isTransaction
	[21.0]		[18.0]		[26.0]		[18.0]		[18.0]		[21.0]		[21.0]		[24.0]		[18.0]		[27.0]		[27.0]		[24.0]		[24.0]		[24.0]		[24.0]		[25.0]		[24.0]		[92.0]		[92.0]		[92.0]		[94.0]		[92.0]		[92.0]		[94.0]		[92.0]		[92.0]		[92.0]		[92.0]		[92.0]		[92.0]		[0.0]		[0.0]		[0.0]		[0.0]		[0.0]		[0.0]		[0.0]		[0.0]		[0.0]		[0.0]		[0.0]		[0.0]		[0.0]		[0.0]		[0.0]		[0.0]		[0.0]		[0.0]		[0.0]		[0.0]		[0.0]		[0.0]		[0.0]		[0.0]		[0.0]		[0.0]		[0.0]		[0.0]		[0.0]		[0.0]		[0.0]		[0.0]		[0.0]		[0.0]		[0.0]		[0.0]		[0.0]		[0.0]		[0.0]		[0.0]		[0.0]		[0.0]		[0.0]		[0.0]		[0.0]		[0.0]		[0.0]		[0.0]		[0.0]		[0.0]		[0.0]		[0.0]		[0.0]		[0.0]		[0.0]		[0.0]		[0.0]		[0.0]		[0.0]		[0.0]		[0.0]		[0.0]		[0.0]		[0.0]		[0.0]		[0.0]	orderedMessages
	[21.0]		[18.0]		[24.0]		[18.0]		[18.0]		[21.0]		[21.0]		[24.0]		[18.0]		[27.0]		[27.0]		[24.0]		[24.0]		[24.0]		[24.0]		[25.0]		[24.0]		[92.0]		[92.0]		[92.0]		[92.0]		[92.0]		[92.0]		[92.0]		[92.0]		[92.0]		[92.0]		[92.0]		[92.0]		[92.0]		[0.0]		[0.0]		[0.0]		[0.0]		[0.0]		[0.0]		[0.0]		[0.0]		[0.0]		[0.0]		[0.0]		[0.0]		[0.0]		[0.0]		[0.0]		[0.0]		[0.0]		[0.0]		[0.0]		[0.0]		[0.0]		[0.0]		[0.0]		[0.0]		[0.0]		[0.0]		[0.0]		[0.0]		[0.0]		[0.0]		[0.0]		[0.0]		[0.0]		[0.0]		[0.0]		[0.0]		[0.0]		[0.0]		[0.0]		[0.0]		[0.0]		[0.0]		[0.0]		[0.0]		[0.0]		[0.0]		[0.0]		[0.0]		[0.0]		[0.0]		[0.0]		[0.0]		[0.0]		[0.0]		[0.0]		[0.0]		[0.0]		[0.0]		[0.0]		[0.0]		[0.0]		[0.0]		[0.0]		[0.0]		[0.0]		[0.0]	incomingMessages
	[21.0]		[18.0]		[24.0]		[18.0]		[18.0]		[21.0]		[21.0]		[24.0]		[18.0]		[27.0]		[27.0]		[24.0]		[24.0]		[24.0]		[24.0]		[25.0]		[24.0]		[92.0]		[94.0]		[92.0]		[92.0]		[92.0]		[92.0]		[92.0]		[92.0]		[92.0]		[92.0]		[92.0]		[92.0]		[92.0]		[0.0]		[0.0]		[0.0]		[0.0]		[0.0]		[0.0]		[0.0]		[0.0]		[0.0]		[0.0]		[0.0]		[0.0]		[0.0]		[0.0]		[0.0]		[0.0]		[0.0]		[0.0]		[0.0]		[0.0]		[0.0]		[0.0]		[0.0]		[0.0]		[0.0]		[0.0]		[0.0]		[0.0]		[0.0]		[0.0]		[0.0]		[0.0]		[0.0]		[0.0]		[0.0]		[0.0]		[0.0]		[0.0]		[0.0]		[0.0]		[0.0]		[0.0]		[0.0]		[0.0]		[0.0]		[0.0]		[0.0]		[0.0]		[0.0]		[0.0]		[0.0]		[0.0]		[0.0]		[0.0]		[0.0]		[0.0]		[0.0]		[0.0]		[0.0]		[0.0]		[0.0]		[0.0]		[0.0]		[0.0]		[0.0]		[0.0]	outgoingMessages
	[21.0]		[18.0]		[24.0]		[18.0]		[18.0]		[21.0]		[21.0]		[24.0]		[18.0]		[27.0]		[27.0]		[24.0]		[24.0]		[24.0]		[24.0]		[24.0]		[24.0]		[92.0]		[92.0]		[92.0]		[92.0]		[92.0]		[92.0]		[92.0]		[92.0]		[92.0]		[92.0]		[92.0]		[92.0]		[92.0]		[0.0]		[0.0]		[0.0]		[0.0]		[0.0]		[0.0]		[0.0]		[0.0]		[0.0]		[0.0]		[0.0]		[0.0]		[0.0]		[0.0]		[0.0]		[0.0]		[0.0]		[0.0]		[0.0]		[0.0]		[0.0]		[0.0]		[0.0]		[0.0]		[0.0]		[0.0]		[0.0]		[0.0]		[0.0]		[0.0]		[0.0]		[0.0]		[0.0]		[0.0]		[0.0]		[0.0]		[0.0]		[0.0]		[0.0]		[0.0]		[0.0]		[0.0]		[0.0]		[0.0]		[0.0]		[0.0]		[0.0]		[0.0]		[0.0]		[0.0]		[0.0]		[0.0]		[0.0]		[0.0]		[0.0]		[0.0]		[0.0]		[0.0]		[0.0]		[0.0]		[0.0]		[0.0]		[0.0]		[0.0]		[0.0]		[0.0]	groups
	[21.0]		[18.0]		[24.0]		[18.0]		[18.0]		[21.0]		[21.0]		[24.0]		[18.0]		[27.0]		[27.0]		[24.0]		[24.0]		[24.0]		[24.0]		[24.0]		[24.0]		[92.0]		[92.0]		[92.0]		[92.0]		[92.0]		[92.0]		[92.0]		[92.0]		[92.0]		[92.0]		[92.0]		[92.0]		[92.0]		[0.0]		[0.0]		[0.0]		[0.0]		[0.0]		[0.0]		[0.0]		[0.0]		[0.0]		[0.0]		[0.0]		[0.0]		[0.0]		[0.0]		[0.0]		[0.0]		[0.0]		[0.0]		[0.0]		[0.0]		[0.0]		[0.0]		[0.0]		[0.0]		[0.0]		[0.0]		[0.0]		[0.0]		[0.0]		[0.0]		[0.0]		[0.0]		[0.0]		[0.0]		[0.0]		[0.0]		[0.0]		[0.0]		[0.0]		[0.0]		[0.0]		[0.0]		[0.0]		[0.0]		[0.0]		[0.0]		[0.0]		[0.0]		[0.0]		[0.0]		[0.0]		[0.0]		[0.0]		[0.0]		[0.0]		[0.0]		[0.0]		[0.0]		[0.0]		[0.0]		[0.0]		[0.0]		[0.0]		[0.0]		[0.0]		[0.0]	eventHandlerFor
	[21.0]		[18.0]		[24.0]		[18.0]		[18.0]		[21.0]		[21.0]		[24.0]		[18.0]		[27.0]		[27.0]		[24.0]		[24.0]		[24.0]		[24.0]		[24.0]		[24.0]		[92.0]		[92.0]		[92.0]		[92.0]		[92.0]		[92.0]		[92.0]		[92.0]		[92.0]		[92.0]		[92.0]		[92.0]		[92.0]		[0.0]		[0.0]		[0.0]		[0.0]		[0.0]		[0.0]		[0.0]		[0.0]		[0.0]		[0.0]		[0.0]		[0.0]		[0.0]		[0.0]		[0.0]		[0.0]		[0.0]		[0.0]		[0.0]		[0.0]		[0.0]		[0.0]		[0.0]		[0.0]		[0.0]		[0.0]		[0.0]		[0.0]		[0.0]		[0.0]		[0.0]		[0.0]		[0.0]		[0.0]		[0.0]		[0.0]		[0.0]		[0.0]		[0.0]		[0.0]		[0.0]		[0.0]		[0.0]		[0.0]		[0.0]		[0.0]		[0.0]		[0.0]		[0.0]		[0.0]		[0.0]		[0.0]		[0.0]		[0.0]		[0.0]		[0.0]		[0.0]		[0.0]		[0.0]		[0.0]		[0.0]		[0.0]		[0.0]		[0.0]		[0.0]		[0.0]	lane
	[21.0]		[18.0]		[24.0]		[18.0]		[18.0]		[21.0]		[21.0]		[27.0]		[21.0]		[27.0]		[27.0]		[24.0]		[24.0]		[24.0]		[24.0]		[25.0]		[24.0]		[92.0]		[92.0]		[92.0]		[92.0]		[92.0]		[92.0]		[92.0]		[92.0]		[92.0]		[92.0]		[95.0]		[95.0]		[95.0]		[0.0]		[0.0]		[0.0]		[0.0]		[0.0]		[0.0]		[0.0]		[0.0]		[0.0]		[0.0]		[0.0]		[0.0]		[0.0]		[0.0]		[0.0]		[0.0]		[0.0]		[0.0]		[0.0]		[0.0]		[0.0]		[0.0]		[0.0]		[0.0]		[0.0]		[0.0]		[0.0]		[0.0]		[0.0]		[0.0]		[0.0]		[0.0]		[0.0]		[0.0]		[0.0]		[0.0]		[0.0]		[0.0]		[0.0]		[0.0]		[0.0]		[0.0]		[0.0]		[0.0]		[0.0]		[0.0]		[0.0]		[0.0]		[0.0]		[0.0]		[0.0]		[0.0]		[0.0]		[0.0]		[0.0]		[0.0]		[0.0]		[0.0]		[0.0]		[0.0]		[0.0]		[0.0]		[0.0]		[0.0]		[0.0]		[0.0]	associations
	[21.0]		[18.0]		[24.0]		[18.0]		[18.0]		[21.0]		[21.0]		[25.0]		[18.0]		[27.0]		[27.0]		[24.0]		[24.0]		[24.0]		[24.0]		[24.0]		[24.0]		[92.0]		[92.0]		[92.0]		[92.0]		[92.0]		[92.0]		[92.0]		[92.0]		[92.0]		[92.0]		[93.0]		[92.0]		[93.0]		[0.0]		[0.0]		[0.0]		[0.0]		[0.0]		[0.0]		[0.0]		[0.0]		[0.0]		[0.0]		[0.0]		[0.0]		[0.0]		[0.0]		[0.0]		[0.0]		[0.0]		[0.0]		[0.0]		[0.0]		[0.0]		[0.0]		[0.0]		[0.0]		[0.0]		[0.0]		[0.0]		[0.0]		[0.0]		[0.0]		[0.0]		[0.0]		[0.0]		[0.0]		[0.0]		[0.0]		[0.0]		[0.0]		[0.0]		[0.0]		[0.0]		[0.0]		[0.0]		[0.0]		[0.0]		[0.0]		[0.0]		[0.0]		[0.0]		[0.0]		[0.0]		[0.0]		[0.0]		[0.0]		[0.0]		[0.0]		[0.0]		[0.0]		[0.0]		[0.0]		[0.0]		[0.0]		[0.0]		[0.0]		[0.0]		[0.0]	artifactsContainer
	[21.0]		[18.0]		[24.0]		[18.0]		[18.0]		[21.0]		[21.0]		[27.0]		[18.0]		[27.0]		[27.0]		[24.0]		[24.0]		[24.0]		[24.0]		[24.0]		[24.0]		[92.0]		[92.0]		[92.0]		[92.0]		[92.0]		[92.0]		[92.0]		[92.0]		[92.0]		[92.0]		[95.0]		[92.0]		[95.0]		[0.0]		[0.0]		[0.0]		[0.0]		[0.0]		[0.0]		[0.0]		[0.0]		[0.0]		[0.0]		[0.0]		[0.0]		[0.0]		[0.0]		[0.0]		[0.0]		[0.0]		[0.0]		[0.0]		[0.0]		[0.0]		[0.0]		[0.0]		[0.0]		[0.0]		[0.0]		[0.0]		[0.0]		[0.0]		[0.0]		[0.0]		[0.0]		[0.0]		[0.0]		[0.0]		[0.0]		[0.0]		[0.0]		[0.0]		[0.0]		[0.0]		[0.0]		[0.0]		[0.0]		[0.0]		[0.0]		[0.0]		[0.0]		[0.0]		[0.0]		[0.0]		[0.0]		[0.0]		[0.0]		[0.0]		[0.0]		[0.0]		[0.0]		[0.0]		[0.0]		[0.0]		[0.0]		[0.0]		[0.0]		[0.0]		[0.0]	artifacts
	[21.0]		[18.0]		[24.0]		[18.0]		[18.0]		[21.0]		[21.0]		[24.0]		[18.0]		[27.0]		[27.0]		[24.0]		[24.0]		[24.0]		[24.0]		[24.0]		[24.0]		[92.0]		[92.0]		[92.0]		[92.0]		[92.0]		[92.0]		[92.0]		[92.0]		[92.0]		[92.0]		[92.0]		[92.0]		[92.0]		[0.0]		[0.0]		[0.0]		[0.0]		[0.0]		[0.0]		[0.0]		[0.0]		[0.0]		[0.0]		[0.0]		[0.0]		[0.0]		[0.0]		[0.0]		[0.0]		[0.0]		[0.0]		[0.0]		[0.0]		[0.0]		[0.0]		[0.0]		[0.0]		[0.0]		[0.0]		[0.0]		[0.0]		[0.0]		[0.0]		[0.0]		[0.0]		[0.0]		[0.0]		[0.0]		[0.0]		[0.0]		[0.0]		[0.0]		[0.0]		[0.0]		[0.0]		[0.0]		[0.0]		[0.0]		[0.0]		[0.0]		[0.0]		[0.0]		[0.0]		[0.0]		[0.0]		[0.0]		[0.0]		[0.0]		[0.0]		[0.0]		[0.0]		[0.0]		[0.0]		[0.0]		[0.0]		[0.0]		[0.0]		[0.0]		[0.0]	source
	[21.0]		[18.0]		[24.0]		[18.0]		[18.0]		[21.0]		[21.0]		[24.0]		[18.0]		[27.0]		[27.0]		[24.0]		[24.0]		[24.0]		[24.0]		[24.0]		[24.0]		[92.0]		[92.0]		[92.0]		[92.0]		[92.0]		[92.0]		[92.0]		[92.0]		[92.0]		[92.0]		[92.0]		[92.0]		[92.0]		[0.0]		[0.0]		[0.0]		[0.0]		[0.0]		[0.0]		[0.0]		[0.0]		[0.0]		[0.0]		[0.0]		[0.0]		[0.0]		[0.0]		[0.0]		[0.0]		[0.0]		[0.0]		[0.0]		[0.0]		[0.0]		[0.0]		[0.0]		[0.0]		[0.0]		[0.0]		[0.0]		[0.0]		[0.0]		[0.0]		[0.0]		[0.0]		[0.0]		[0.0]		[0.0]		[0.0]		[0.0]		[0.0]		[0.0]		[0.0]		[0.0]		[0.0]		[0.0]		[0.0]		[0.0]		[0.0]		[0.0]		[0.0]		[0.0]		[0.0]		[0.0]		[0.0]		[0.0]		[0.0]		[0.0]		[0.0]		[0.0]		[0.0]		[0.0]		[0.0]		[0.0]		[0.0]		[0.0]		[0.0]		[0.0]		[0.0]	target
	[21.0]		[18.0]		[24.0]		[18.0]		[18.0]		[21.0]		[21.0]		[24.0]		[18.0]		[27.0]		[27.0]		[24.0]		[24.0]		[24.0]		[24.0]		[24.0]		[24.0]		[92.0]		[92.0]		[92.0]		[92.0]		[92.0]		[92.0]		[92.0]		[92.0]		[92.0]		[92.0]		[92.0]		[92.0]		[92.0]		[0.0]		[0.0]		[0.0]		[0.0]		[0.0]		[0.0]		[0.0]		[0.0]		[0.0]		[0.0]		[0.0]		[0.0]		[0.0]		[0.0]		[0.0]		[0.0]		[0.0]		[0.0]		[0.0]		[0.0]		[0.0]		[0.0]		[0.0]		[0.0]		[0.0]		[0.0]		[0.0]		[0.0]		[0.0]		[0.0]		[0.0]		[0.0]		[0.0]		[0.0]		[0.0]		[0.0]		[0.0]		[0.0]		[0.0]		[0.0]		[0.0]		[0.0]		[0.0]		[0.0]		[0.0]		[0.0]		[0.0]		[0.0]		[0.0]		[0.0]		[0.0]		[0.0]		[0.0]		[0.0]		[0.0]		[0.0]		[0.0]		[0.0]		[0.0]		[0.0]		[0.0]		[0.0]		[0.0]		[0.0]		[0.0]		[0.0]	pools
	[21.0]		[18.0]		[24.0]		[18.0]		[18.0]		[21.0]		[21.0]		[24.0]		[18.0]		[27.0]		[27.0]		[24.0]		[24.0]		[24.0]		[24.0]		[25.0]		[24.0]		[92.0]		[92.0]		[92.0]		[92.0]		[92.0]		[92.0]		[92.0]		[92.0]		[92.0]		[92.0]		[92.0]		[92.0]		[92.0]		[0.0]		[0.0]		[0.0]		[0.0]		[0.0]		[0.0]		[0.0]		[0.0]		[0.0]		[0.0]		[0.0]		[0.0]		[0.0]		[0.0]		[0.0]		[0.0]		[0.0]		[0.0]		[0.0]		[0.0]		[0.0]		[0.0]		[0.0]		[0.0]		[0.0]		[0.0]		[0.0]		[0.0]		[0.0]		[0.0]		[0.0]		[0.0]		[0.0]		[0.0]		[0.0]		[0.0]		[0.0]		[0.0]		[0.0]		[0.0]		[0.0]		[0.0]		[0.0]		[0.0]		[0.0]		[0.0]		[0.0]		[0.0]		[0.0]		[0.0]		[0.0]		[0.0]		[0.0]		[0.0]		[0.0]		[0.0]		[0.0]		[0.0]		[0.0]		[0.0]		[0.0]		[0.0]		[0.0]		[0.0]		[0.0]		[0.0]	messages
	[21.0]		[18.0]		[24.0]		[18.0]		[18.0]		[21.0]		[21.0]		[24.0]		[18.0]		[27.0]		[27.0]		[24.0]		[24.0]		[24.0]		[24.0]		[24.0]		[24.0]		[92.0]		[92.0]		[92.0]		[92.0]		[92.0]		[92.0]		[92.0]		[92.0]		[92.0]		[92.0]		[92.0]		[92.0]		[92.0]		[0.0]		[0.0]		[0.0]		[0.0]		[0.0]		[0.0]		[0.0]		[0.0]		[0.0]		[0.0]		[0.0]		[0.0]		[0.0]		[0.0]		[0.0]		[0.0]		[0.0]		[0.0]		[0.0]		[0.0]		[0.0]		[0.0]		[0.0]		[0.0]		[0.0]		[0.0]		[0.0]		[0.0]		[0.0]		[0.0]		[0.0]		[0.0]		[0.0]		[0.0]		[0.0]		[0.0]		[0.0]		[0.0]		[0.0]		[0.0]		[0.0]		[0.0]		[0.0]		[0.0]		[0.0]		[0.0]		[0.0]		[0.0]		[0.0]		[0.0]		[0.0]		[0.0]		[0.0]		[0.0]		[0.0]		[0.0]		[0.0]		[0.0]		[0.0]		[0.0]		[0.0]		[0.0]		[0.0]		[0.0]		[0.0]		[0.0]	vertices
	[21.0]		[18.0]		[24.0]		[18.0]		[18.0]		[21.0]		[21.0]		[24.0]		[18.0]		[27.0]		[27.0]		[24.0]		[24.0]		[24.0]		[24.0]		[24.0]		[24.0]		[92.0]		[92.0]		[92.0]		[92.0]		[92.0]		[92.0]		[92.0]		[92.0]		[92.0]		[92.0]		[92.0]		[92.0]		[92.0]		[0.0]		[0.0]		[0.0]		[0.0]		[0.0]		[0.0]		[0.0]		[0.0]		[0.0]		[0.0]		[0.0]		[0.0]		[0.0]		[0.0]		[0.0]		[0.0]		[0.0]		[0.0]		[0.0]		[0.0]		[0.0]		[0.0]		[0.0]		[0.0]		[0.0]		[0.0]		[0.0]		[0.0]		[0.0]		[0.0]		[0.0]		[0.0]		[0.0]		[0.0]		[0.0]		[0.0]		[0.0]		[0.0]		[0.0]		[0.0]		[0.0]		[0.0]		[0.0]		[0.0]		[0.0]		[0.0]		[0.0]		[0.0]		[0.0]		[0.0]		[0.0]		[0.0]		[0.0]		[0.0]		[0.0]		[0.0]		[0.0]		[0.0]		[0.0]		[0.0]		[0.0]		[0.0]		[0.0]		[0.0]		[0.0]		[0.0]	sequenceEdges
	[21.0]		[18.0]		[24.0]		[18.0]		[18.0]		[21.0]		[21.0]		[27.0]		[20.0]		[29.0]		[27.0]		[24.0]		[24.0]		[24.0]		[24.0]		[24.0]		[24.0]		[92.0]		[92.0]		[92.0]		[92.0]		[92.0]		[92.0]		[92.0]		[92.0]		[92.0]		[92.0]		[95.0]		[94.0]		[95.0]		[0.0]		[0.0]		[0.0]		[0.0]		[0.0]		[0.0]		[0.0]		[0.0]		[0.0]		[0.0]		[0.0]		[0.0]		[0.0]		[0.0]		[0.0]		[0.0]		[0.0]		[0.0]		[0.0]		[0.0]		[0.0]		[0.0]		[0.0]		[0.0]		[0.0]		[0.0]		[0.0]		[0.0]		[0.0]		[0.0]		[0.0]		[0.0]		[0.0]		[0.0]		[0.0]		[0.0]		[0.0]		[0.0]		[0.0]		[0.0]		[0.0]		[0.0]		[0.0]		[0.0]		[0.0]		[0.0]		[0.0]		[0.0]		[0.0]		[0.0]		[0.0]		[0.0]		[0.0]		[0.0]		[0.0]		[0.0]		[0.0]		[0.0]		[0.0]		[0.0]		[0.0]		[0.0]		[0.0]		[0.0]		[0.0]		[0.0]	activities
	[21.0]		[18.0]		[24.0]		[18.0]		[18.0]		[21.0]		[21.0]		[27.0]		[21.0]		[27.0]		[27.0]		[24.0]		[24.0]		[24.0]		[24.0]		[25.0]		[24.0]		[92.0]		[92.0]		[92.0]		[92.0]		[92.0]		[92.0]		[92.0]		[92.0]		[92.0]		[92.0]		[95.0]		[95.0]		[95.0]		[0.0]		[0.0]		[0.0]		[0.0]		[0.0]		[0.0]		[0.0]		[0.0]		[0.0]		[0.0]		[0.0]		[0.0]		[0.0]		[0.0]		[0.0]		[0.0]		[0.0]		[0.0]		[0.0]		[0.0]		[0.0]		[0.0]		[0.0]		[0.0]		[0.0]		[0.0]		[0.0]		[0.0]		[0.0]		[0.0]		[0.0]		[0.0]		[0.0]		[0.0]		[0.0]		[0.0]		[0.0]		[0.0]		[0.0]		[0.0]		[0.0]		[0.0]		[0.0]		[0.0]		[0.0]		[0.0]		[0.0]		[0.0]		[0.0]		[0.0]		[0.0]		[0.0]		[0.0]		[0.0]		[0.0]		[0.0]		[0.0]		[0.0]		[0.0]		[0.0]		[0.0]		[0.0]		[0.0]		[0.0]		[0.0]		[0.0]	associations
	[21.0]		[18.0]		[24.0]		[18.0]		[18.0]		[21.0]		[21.0]		[27.0]		[20.0]		[29.0]		[27.0]		[24.0]		[24.0]		[24.0]		[24.0]		[24.0]		[24.0]		[92.0]		[92.0]		[92.0]		[92.0]		[92.0]		[92.0]		[92.0]		[92.0]		[92.0]		[92.0]		[95.0]		[94.0]		[95.0]		[0.0]		[0.0]		[0.0]		[0.0]		[0.0]		[0.0]		[0.0]		[0.0]		[0.0]		[0.0]		[0.0]		[0.0]		[0.0]		[0.0]		[0.0]		[0.0]		[0.0]		[0.0]		[0.0]		[0.0]		[0.0]		[0.0]		[0.0]		[0.0]		[0.0]		[0.0]		[0.0]		[0.0]		[0.0]		[0.0]		[0.0]		[0.0]		[0.0]		[0.0]		[0.0]		[0.0]		[0.0]		[0.0]		[0.0]		[0.0]		[0.0]		[0.0]		[0.0]		[0.0]		[0.0]		[0.0]		[0.0]		[0.0]		[0.0]		[0.0]		[0.0]		[0.0]		[0.0]		[0.0]		[0.0]		[0.0]		[0.0]		[0.0]		[0.0]		[0.0]		[0.0]		[0.0]		[0.0]		[0.0]		[0.0]		[0.0]	activities
	[21.0]		[18.0]		[24.0]		[18.0]		[18.0]		[21.0]		[21.0]		[24.0]		[18.0]		[27.0]		[27.0]		[24.0]		[24.0]		[24.0]		[24.0]		[24.0]		[24.0]		[92.0]		[92.0]		[92.0]		[92.0]		[92.0]		[92.0]		[92.0]		[92.0]		[92.0]		[92.0]		[92.0]		[92.0]		[92.0]		[0.0]		[0.0]		[0.0]		[0.0]		[0.0]		[0.0]		[0.0]		[0.0]		[0.0]		[0.0]		[0.0]		[0.0]		[0.0]		[0.0]		[0.0]		[0.0]		[0.0]		[0.0]		[0.0]		[0.0]		[0.0]		[0.0]		[0.0]		[0.0]		[0.0]		[0.0]		[0.0]		[0.0]		[0.0]		[0.0]		[0.0]		[0.0]		[0.0]		[0.0]		[0.0]		[0.0]		[0.0]		[0.0]		[0.0]		[0.0]		[0.0]		[0.0]		[0.0]		[0.0]		[0.0]		[0.0]		[0.0]		[0.0]		[0.0]		[0.0]		[0.0]		[0.0]		[0.0]		[0.0]		[0.0]		[0.0]		[0.0]		[0.0]		[0.0]		[0.0]		[0.0]		[0.0]		[0.0]		[0.0]		[0.0]		[0.0]	pool
	[24.0]		[18.0]		[24.0]		[18.0]		[18.0]		[21.0]		[21.0]		[24.0]		[18.0]		[27.0]		[27.0]		[24.0]		[24.0]		[24.0]		[24.0]		[24.0]		[24.0]		[92.0]		[92.0]		[92.0]		[92.0]		[92.0]		[92.0]		[92.0]		[92.0]		[92.0]		[92.0]		[92.0]		[92.0]		[92.0]		[0.0]		[0.0]		[0.0]		[0.0]		[0.0]		[0.0]		[0.0]		[0.0]		[0.0]		[0.0]		[0.0]		[0.0]		[0.0]		[0.0]		[0.0]		[0.0]		[0.0]		[0.0]		[0.0]		[0.0]		[0.0]		[0.0]		[0.0]		[0.0]		[0.0]		[0.0]		[0.0]		[0.0]		[0.0]		[0.0]		[0.0]		[0.0]		[0.0]		[0.0]		[0.0]		[0.0]		[0.0]		[0.0]		[0.0]		[0.0]		[0.0]		[0.0]		[0.0]		[0.0]		[0.0]		[0.0]		[0.0]		[0.0]		[0.0]		[0.0]		[0.0]		[0.0]		[0.0]		[0.0]		[0.0]		[0.0]		[0.0]		[0.0]		[0.0]		[0.0]		[0.0]		[0.0]		[0.0]		[0.0]		[0.0]		[0.0]	bpmnDiagram
	[21.0]		[18.0]		[24.0]		[18.0]		[18.0]		[21.0]		[21.0]		[24.0]		[18.0]		[27.0]		[27.0]		[24.0]		[24.0]		[24.0]		[24.0]		[24.0]		[24.0]		[92.0]		[92.0]		[92.0]		[92.0]		[92.0]		[92.0]		[92.0]		[92.0]		[92.0]		[92.0]		[92.0]		[92.0]		[92.0]		[0.0]		[0.0]		[0.0]		[0.0]		[0.0]		[0.0]		[0.0]		[0.0]		[0.0]		[0.0]		[0.0]		[0.0]		[0.0]		[0.0]		[0.0]		[0.0]		[0.0]		[0.0]		[0.0]		[0.0]		[0.0]		[0.0]		[0.0]		[0.0]		[0.0]		[0.0]		[0.0]		[0.0]		[0.0]		[0.0]		[0.0]		[0.0]		[0.0]		[0.0]		[0.0]		[0.0]		[0.0]		[0.0]		[0.0]		[0.0]		[0.0]		[0.0]		[0.0]		[0.0]		[0.0]		[0.0]		[0.0]		[0.0]		[0.0]		[0.0]		[0.0]		[0.0]		[0.0]		[0.0]		[0.0]		[0.0]		[0.0]		[0.0]		[0.0]		[0.0]		[0.0]		[0.0]		[0.0]		[0.0]		[0.0]		[0.0]	source
	[21.0]		[18.0]		[24.0]		[18.0]		[18.0]		[21.0]		[21.0]		[24.0]		[18.0]		[27.0]		[27.0]		[24.0]		[24.0]		[24.0]		[24.0]		[24.0]		[24.0]		[92.0]		[92.0]		[92.0]		[92.0]		[92.0]		[92.0]		[92.0]		[92.0]		[92.0]		[92.0]		[92.0]		[92.0]		[92.0]		[0.0]		[0.0]		[0.0]		[0.0]		[0.0]		[0.0]		[0.0]		[0.0]		[0.0]		[0.0]		[0.0]		[0.0]		[0.0]		[0.0]		[0.0]		[0.0]		[0.0]		[0.0]		[0.0]		[0.0]		[0.0]		[0.0]		[0.0]		[0.0]		[0.0]		[0.0]		[0.0]		[0.0]		[0.0]		[0.0]		[0.0]		[0.0]		[0.0]		[0.0]		[0.0]		[0.0]		[0.0]		[0.0]		[0.0]		[0.0]		[0.0]		[0.0]		[0.0]		[0.0]		[0.0]		[0.0]		[0.0]		[0.0]		[0.0]		[0.0]		[0.0]		[0.0]		[0.0]		[0.0]		[0.0]		[0.0]		[0.0]		[0.0]		[0.0]		[0.0]		[0.0]		[0.0]		[0.0]		[0.0]		[0.0]		[0.0]	target
	[21.0]		[18.0]		[24.0]		[18.0]		[18.0]		[21.0]		[21.0]		[24.0]		[18.0]		[27.0]		[27.0]		[24.0]		[24.0]		[24.0]		[24.0]		[24.0]		[24.0]		[92.0]		[92.0]		[92.0]		[92.0]		[92.0]		[92.0]		[92.0]		[92.0]		[92.0]		[92.0]		[92.0]		[92.0]		[92.0]		[0.0]		[0.0]		[0.0]		[0.0]		[0.0]		[0.0]		[0.0]		[0.0]		[0.0]		[0.0]		[0.0]		[0.0]		[0.0]		[0.0]		[0.0]		[0.0]		[0.0]		[0.0]		[0.0]		[0.0]		[0.0]		[0.0]		[0.0]		[0.0]		[0.0]		[0.0]		[0.0]		[0.0]		[0.0]		[0.0]		[0.0]		[0.0]		[0.0]		[0.0]		[0.0]		[0.0]		[0.0]		[0.0]		[0.0]		[0.0]		[0.0]		[0.0]		[0.0]		[0.0]		[0.0]		[0.0]		[0.0]		[0.0]		[0.0]		[0.0]		[0.0]		[0.0]		[0.0]		[0.0]		[0.0]		[0.0]		[0.0]		[0.0]		[0.0]		[0.0]		[0.0]		[0.0]		[0.0]		[0.0]		[0.0]		[0.0]	lanes
	[24.0]		[18.0]		[24.0]		[18.0]		[18.0]		[21.0]		[21.0]		[24.0]		[18.0]		[27.0]		[27.0]		[24.0]		[24.0]		[24.0]		[24.0]		[24.0]		[24.0]		[92.0]		[92.0]		[92.0]		[92.0]		[92.0]		[92.0]		[92.0]		[92.0]		[92.0]		[92.0]		[92.0]		[92.0]		[92.0]		[0.0]		[0.0]		[0.0]		[0.0]		[0.0]		[0.0]		[0.0]		[0.0]		[0.0]		[0.0]		[0.0]		[0.0]		[0.0]		[0.0]		[0.0]		[0.0]		[0.0]		[0.0]		[0.0]		[0.0]		[0.0]		[0.0]		[0.0]		[0.0]		[0.0]		[0.0]		[0.0]		[0.0]		[0.0]		[0.0]		[0.0]		[0.0]		[0.0]		[0.0]		[0.0]		[0.0]		[0.0]		[0.0]		[0.0]		[0.0]		[0.0]		[0.0]		[0.0]		[0.0]		[0.0]		[0.0]		[0.0]		[0.0]		[0.0]		[0.0]		[0.0]		[0.0]		[0.0]		[0.0]		[0.0]		[0.0]		[0.0]		[0.0]		[0.0]		[0.0]		[0.0]		[0.0]		[0.0]		[0.0]		[0.0]		[0.0]	bpmnDiagram
	[23.0]		[18.0]		[24.0]		[18.0]		[18.0]		[21.0]		[21.0]		[24.0]		[18.0]		[27.0]		[27.0]		[24.0]		[24.0]		[24.0]		[24.0]		[24.0]		[24.0]		[92.0]		[92.0]		[92.0]		[92.0]		[92.0]		[92.0]		[92.0]		[92.0]		[92.0]		[92.0]		[92.0]		[92.0]		[92.0]		[0.0]		[0.0]		[0.0]		[0.0]		[0.0]		[0.0]		[0.0]		[0.0]		[0.0]		[0.0]		[0.0]		[0.0]		[0.0]		[0.0]		[0.0]		[0.0]		[0.0]		[0.0]		[0.0]		[0.0]		[0.0]		[0.0]		[0.0]		[0.0]		[0.0]		[0.0]		[0.0]		[0.0]		[0.0]		[0.0]		[0.0]		[0.0]		[0.0]		[0.0]		[0.0]		[0.0]		[0.0]		[0.0]		[0.0]		[0.0]		[0.0]		[0.0]		[0.0]		[0.0]		[0.0]		[0.0]		[0.0]		[0.0]		[0.0]		[0.0]		[0.0]		[0.0]		[0.0]		[0.0]		[0.0]		[0.0]		[0.0]		[0.0]		[0.0]		[0.0]		[0.0]		[0.0]		[0.0]		[0.0]		[0.0]		[0.0]	graph
	[21.0]		[18.0]		[24.0]		[18.0]		[18.0]		[21.0]		[21.0]		[24.0]		[18.0]		[27.0]		[27.0]		[24.0]		[24.0]		[24.0]		[24.0]		[24.0]		[24.0]		[92.0]		[92.0]		[92.0]		[92.0]		[92.0]		[92.0]		[92.0]		[92.0]		[92.0]		[92.0]		[92.0]		[92.0]		[92.0]		[0.0]		[0.0]		[0.0]		[0.0]		[0.0]		[0.0]		[0.0]		[0.0]		[0.0]		[0.0]		[0.0]		[0.0]		[0.0]		[0.0]		[0.0]		[0.0]		[0.0]		[0.0]		[0.0]		[0.0]		[0.0]		[0.0]		[0.0]		[0.0]		[0.0]		[0.0]		[0.0]		[0.0]		[0.0]		[0.0]		[0.0]		[0.0]		[0.0]		[0.0]		[0.0]		[0.0]		[0.0]		[0.0]		[0.0]		[0.0]		[0.0]		[0.0]		[0.0]		[0.0]		[0.0]		[0.0]		[0.0]		[0.0]		[0.0]		[0.0]		[0.0]		[0.0]		[0.0]		[0.0]		[0.0]		[0.0]		[0.0]		[0.0]		[0.0]		[0.0]		[0.0]		[0.0]		[0.0]		[0.0]		[0.0]		[0.0]	source
	[21.0]		[18.0]		[24.0]		[18.0]		[18.0]		[21.0]		[21.0]		[24.0]		[18.0]		[27.0]		[27.0]		[24.0]		[24.0]		[24.0]		[24.0]		[24.0]		[24.0]		[92.0]		[92.0]		[92.0]		[92.0]		[92.0]		[92.0]		[92.0]		[92.0]		[92.0]		[92.0]		[92.0]		[92.0]		[92.0]		[0.0]		[0.0]		[0.0]		[0.0]		[0.0]		[0.0]		[0.0]		[0.0]		[0.0]		[0.0]		[0.0]		[0.0]		[0.0]		[0.0]		[0.0]		[0.0]		[0.0]		[0.0]		[0.0]		[0.0]		[0.0]		[0.0]		[0.0]		[0.0]		[0.0]		[0.0]		[0.0]		[0.0]		[0.0]		[0.0]		[0.0]		[0.0]		[0.0]		[0.0]		[0.0]		[0.0]		[0.0]		[0.0]		[0.0]		[0.0]		[0.0]		[0.0]		[0.0]		[0.0]		[0.0]		[0.0]		[0.0]		[0.0]		[0.0]		[0.0]		[0.0]		[0.0]		[0.0]		[0.0]		[0.0]		[0.0]		[0.0]		[0.0]		[0.0]		[0.0]		[0.0]		[0.0]		[0.0]		[0.0]		[0.0]		[0.0]	target
	[21.0]		[18.0]		[24.0]		[18.0]		[18.0]		[21.0]		[21.0]		[24.0]		[18.0]		[27.0]		[27.0]		[24.0]		[24.0]		[24.0]		[24.0]		[24.0]		[24.0]		[92.0]		[92.0]		[92.0]		[92.0]		[92.0]		[92.0]		[92.0]		[92.0]		[92.0]		[92.0]		[92.0]		[92.0]		[92.0]		[0.0]		[0.0]		[0.0]		[0.0]		[0.0]		[0.0]		[0.0]		[0.0]		[0.0]		[0.0]		[0.0]		[0.0]		[0.0]		[0.0]		[0.0]		[0.0]		[0.0]		[0.0]		[0.0]		[0.0]		[0.0]		[0.0]		[0.0]		[0.0]		[0.0]		[0.0]		[0.0]		[0.0]		[0.0]		[0.0]		[0.0]		[0.0]		[0.0]		[0.0]		[0.0]		[0.0]		[0.0]		[0.0]		[0.0]		[0.0]		[0.0]		[0.0]		[0.0]		[0.0]		[0.0]		[0.0]		[0.0]		[0.0]		[0.0]		[0.0]		[0.0]		[0.0]		[0.0]		[0.0]		[0.0]		[0.0]		[0.0]		[0.0]		[0.0]		[0.0]		[0.0]		[0.0]		[0.0]		[0.0]		[0.0]		[0.0]	eventHandlers
	[21.0]		[18.0]		[24.0]		[18.0]		[18.0]		[21.0]		[21.0]		[24.0]		[18.0]		[27.0]		[27.0]		[24.0]		[24.0]		[24.0]		[24.0]		[24.0]		[24.0]		[92.0]		[94.0]		[92.0]		[92.0]		[92.0]		[92.0]		[92.0]		[92.0]		[92.0]		[92.0]		[92.0]		[92.0]		[92.0]		[0.0]		[0.0]		[0.0]		[0.0]		[0.0]		[0.0]		[0.0]		[0.0]		[0.0]		[0.0]		[0.0]		[0.0]		[0.0]		[0.0]		[0.0]		[0.0]		[0.0]		[0.0]		[0.0]		[0.0]		[0.0]		[0.0]		[0.0]		[0.0]		[0.0]		[0.0]		[0.0]		[0.0]		[0.0]		[0.0]		[0.0]		[0.0]		[0.0]		[0.0]		[0.0]		[0.0]		[0.0]		[0.0]		[0.0]		[0.0]		[0.0]		[0.0]		[0.0]		[0.0]		[0.0]		[0.0]		[0.0]		[0.0]		[0.0]		[0.0]		[0.0]		[0.0]		[0.0]		[0.0]		[0.0]		[0.0]		[0.0]		[0.0]		[0.0]		[0.0]		[0.0]		[0.0]		[0.0]		[0.0]		[0.0]		[0.0]	outgoingEdges
	[21.0]		[18.0]		[24.0]		[18.0]		[18.0]		[21.0]		[21.0]		[24.0]		[18.0]		[27.0]		[27.0]		[24.0]		[24.0]		[24.0]		[24.0]		[24.0]		[24.0]		[92.0]		[92.0]		[92.0]		[92.0]		[92.0]		[92.0]		[92.0]		[92.0]		[92.0]		[92.0]		[92.0]		[92.0]		[92.0]		[0.0]		[0.0]		[0.0]		[0.0]		[0.0]		[0.0]		[0.0]		[0.0]		[0.0]		[0.0]		[0.0]		[0.0]		[0.0]		[0.0]		[0.0]		[0.0]		[0.0]		[0.0]		[0.0]		[0.0]		[0.0]		[0.0]		[0.0]		[0.0]		[0.0]		[0.0]		[0.0]		[0.0]		[0.0]		[0.0]		[0.0]		[0.0]		[0.0]		[0.0]		[0.0]		[0.0]		[0.0]		[0.0]		[0.0]		[0.0]		[0.0]		[0.0]		[0.0]		[0.0]		[0.0]		[0.0]		[0.0]		[0.0]		[0.0]		[0.0]		[0.0]		[0.0]		[0.0]		[0.0]		[0.0]		[0.0]		[0.0]		[0.0]		[0.0]		[0.0]		[0.0]		[0.0]		[0.0]		[0.0]		[0.0]		[0.0]	incomingEdges
	[23.0]		[18.0]		[24.0]		[18.0]		[18.0]		[21.0]		[21.0]		[24.0]		[18.0]		[27.0]		[27.0]		[24.0]		[24.0]		[24.0]		[24.0]		[24.0]		[24.0]		[92.0]		[92.0]		[92.0]		[92.0]		[92.0]		[92.0]		[92.0]		[92.0]		[92.0]		[92.0]		[92.0]		[92.0]		[92.0]		[0.0]		[0.0]		[0.0]		[0.0]		[0.0]		[0.0]		[0.0]		[0.0]		[0.0]		[0.0]		[0.0]		[0.0]		[0.0]		[0.0]		[0.0]		[0.0]		[0.0]		[0.0]		[0.0]		[0.0]		[0.0]		[0.0]		[0.0]		[0.0]		[0.0]		[0.0]		[0.0]		[0.0]		[0.0]		[0.0]		[0.0]		[0.0]		[0.0]		[0.0]		[0.0]		[0.0]		[0.0]		[0.0]		[0.0]		[0.0]		[0.0]		[0.0]		[0.0]		[0.0]		[0.0]		[0.0]		[0.0]		[0.0]		[0.0]		[0.0]		[0.0]		[0.0]		[0.0]		[0.0]		[0.0]		[0.0]		[0.0]		[0.0]		[0.0]		[0.0]		[0.0]		[0.0]		[0.0]		[0.0]		[0.0]		[0.0]	graph
	AWKProgram		File		Record		Field		Script		Rule		Pattern		Action		Instruction		InitialRule		FinalRule		name		name		value		name		regularExpression		value		input		output		script		records		r_file		fields		f_record		rules		r_script		pattern		action		instructions		i_action		slack_0		slack_1		slack_2		slack_3		slack_4		slack_5		slack_6		slack_7		slack_8		slack_9		slack_10		slack_11		slack_12		slack_13		slack_14		slack_15		slack_16		slack_17		slack_18		slack_19		slack_20		slack_21		slack_22		slack_23		slack_24		slack_25		slack_26		slack_27		slack_28		slack_29		slack_30		slack_31		slack_32		slack_33		slack_34		slack_35		slack_36		slack_37		slack_38		slack_39		slack_40		slack_41		slack_42		slack_43		slack_44		slack_45		slack_46		slack_47		slack_48		slack_49		slack_50		slack_51		slack_52		slack_53		slack_54		slack_55		slack_56		slack_57		slack_58		slack_59		slack_60		slack_61		slack_62		slack_63		slack_64		slack_65	
matching: { 
	ArtifactsContainer------(88.0)----------Rule  
	Association------(93.0)----------Instruction  
	Pool------(89.0)----------Record  
	NamedBpmnObject------(84.0)----------Pattern  
	Lane------(88.0)----------Action  
	Identifiable------(86.0)----------AWKProgram  
	BpmnDiagram------(85.0)----------Script  
	SequenceEdge------(88.0)----------File  
	SubProcess------(89.0)----------Field  
	DataObject------(92.0)----------InitialRule  
	TextAnnotation------(92.0)----------FinalRule  
	direction------(93.0)----------regularExpression  
	author------(92.0)----------value  
	ncname------(97.0)----------name  
	iD------(92.0)----------name  
	name------(100.0)----------name  
	title------(92.0)----------value  
	activities------(95.0)----------i_action  
	associations------(95.0)----------instructions  
	outgoingEdges------(94.0)----------output  
	artifactsContainer------(92.0)----------input  
	sequenceEdges------(92.0)----------script  
	groups------(92.0)----------r_script  
	incomingMessages------(92.0)----------pattern  
	target------(0.0)----------slack_0  
	pools------(0.0)----------slack_1  
	lane------(0.0)----------slack_2  
	messages------(0.0)----------slack_3  
	graph------(0.0)----------slack_4  
	incomingEdges------(0.0)----------slack_5  
	outgoingMessages------(0.0)----------slack_6  
	eventHandlers------(0.0)----------slack_7  
	source------(0.0)----------slack_8  
	graph------(0.0)----------slack_9  
	DirectionType------(0.0)----------slack_10  
	ActivityType------(0.0)----------slack_11  
	EventStartRule------(0.0)----------slack_12  
	EventIntermediateCompensation------(0.0)----------slack_13  
	EventEndCompensation------(0.0)----------slack_14  
	EventIntermediateRule------(0.0)----------slack_15  
	EventIntermediateEmpty------(0.0)----------slack_16  
	EventStartMessage------(0.0)----------slack_17  
	None------(0.0)----------slack_18  
	To------(0.0)----------slack_19  
	From------(0.0)----------slack_20  
	Both------(0.0)----------slack_21  
	source------(0.0)----------slack_22  
	GatewayEventBasedExclusive------(0.0)----------slack_23  
	isTransaction------(0.0)----------slack_24  
	documentation------(0.0)----------slack_25  
	looping------(0.0)----------slack_26  
	isDefault------(0.0)----------slack_27  
	activityType------(0.0)----------slack_28  
	GatewayDataBasedInclusive------(0.0)----------slack_29  
	SubProcess------(0.0)----------slack_30  
	EventIntermediateTimer------(0.0)----------slack_31  
	EventIntermediateError------(0.0)----------slack_32  
	EventEndEmpty------(0.0)----------slack_33  
	GatewayComplex------(0.0)----------slack_34  
	GatewayDataBasedExclusive------(0.0)----------slack_35  
	Task------(0.0)----------slack_36  
	EventStartLink------(0.0)----------slack_37  
	EventStartTimer------(0.0)----------slack_38  
	GatewayParallel------(0.0)----------slack_39  
	EventIntermediateCancel------(0.0)----------slack_40  
	EventEndMessage------(0.0)----------slack_41  
	EventEndLink------(0.0)----------slack_42  
	EventStartMultiple------(0.0)----------slack_43  
	EventEndMultiple------(0.0)----------slack_44  
	EventEndTerminate------(0.0)----------slack_45  
	EventEndCancel------(0.0)----------slack_46  
	EventEndError------(0.0)----------slack_47  
	EventStartEmpty------(0.0)----------slack_48  
	EventIntermediateMultiple------(0.0)----------slack_49  
	EventIntermediateLink------(0.0)----------slack_50  
	EventIntermediateMessage------(0.0)----------slack_51  
	Artifact------(0.0)----------slack_52  
	Group------(0.0)----------slack_53  
	MessagingEdge------(0.0)----------slack_54  
	Activity------(0.0)----------slack_55  
	IdentifiableNode------(0.0)----------slack_56  
	Vertex------(0.0)----------slack_57  
	Graph------(0.0)----------slack_58  
	bpmnDiagram------(0.0)----------slack_59  
	lanes------(0.0)----------slack_60  
	target------(0.0)----------slack_61  
	source------(0.0)----------slack_62  
	bpmnDiagram------(0.0)----------slack_63  
	pool------(0.0)----------slack_64  
	artifacts------(0.0)----------slack_65  
	activities------(95.0)----------action  
	orderedMessages------(94.0)----------records  
	vertices------(92.0)----------r_file  
	eventHandlerFor------(92.0)----------fields  
	target------(92.0)----------f_record  
	associations------(92.0)----------rules  } 
Score (structural): 0,29