
30 X 30
	[85.0]		[83.0]		[88.0]		[83.0]		[83.0]		[85.0]		[80.0]		[89.0]		[83.0]		[86.0]		[86.0]		[27.0]		[27.0]		[27.0]		[27.0]		[27.0]		[27.0]		[27.0]		[27.0]		[27.0]		[27.0]		[27.0]		[27.0]		[27.0]		[27.0]		[27.0]		[27.0]		[27.0]		[27.0]		[27.0]	Architecture
	[81.0]		[83.0]		[92.0]		[84.0]		[87.0]		[86.0]		[82.0]		[92.0]		[85.0]		[83.0]		[83.0]		[24.0]		[24.0]		[24.0]		[24.0]		[25.0]		[24.0]		[24.0]		[24.0]		[26.0]		[24.0]		[24.0]		[24.0]		[24.0]		[24.0]		[26.0]		[24.0]		[25.0]		[25.0]		[25.0]	ArchitectureDescription
	[83.0]		[83.0]		[89.0]		[84.0]		[84.0]		[88.0]		[82.0]		[90.0]		[84.0]		[83.0]		[83.0]		[24.0]		[24.0]		[24.0]		[24.0]		[24.0]		[24.0]		[24.0]		[24.0]		[24.0]		[24.0]		[24.0]		[24.0]		[24.0]		[24.0]		[24.0]		[24.0]		[24.0]		[24.0]		[24.0]	ArchitectureView
	[81.0]		[84.0]		[91.0]		[85.0]		[84.0]		[87.0]		[83.0]		[90.0]		[85.0]		[83.0]		[83.0]		[24.0]		[24.0]		[24.0]		[24.0]		[24.0]		[24.0]		[24.0]		[24.0]		[24.0]		[24.0]		[24.0]		[24.0]		[24.0]		[24.0]		[24.0]		[24.0]		[24.0]		[24.0]		[24.0]	ArchitectureViewPoint
	[81.0]		[84.0]		[91.0]		[85.0]		[84.0]		[87.0]		[83.0]		[90.0]		[85.0]		[83.0]		[83.0]		[24.0]		[24.0]		[24.0]		[24.0]		[24.0]		[24.0]		[24.0]		[24.0]		[24.0]		[24.0]		[24.0]		[24.0]		[24.0]		[24.0]		[24.0]		[24.0]		[24.0]		[24.0]		[24.0]	MainView
	[80.0]		[81.0]		[89.0]		[82.0]		[83.0]		[85.0]		[85.0]		[89.0]		[82.0]		[86.0]		[86.0]		[27.0]		[27.0]		[27.0]		[27.0]		[27.0]		[27.0]		[27.0]		[27.0]		[27.0]		[27.0]		[27.0]		[27.0]		[27.0]		[27.0]		[27.0]		[27.0]		[27.0]		[27.0]		[27.0]	ModelElement
	[21.0]		[18.0]		[24.0]		[18.0]		[21.0]		[21.0]		[21.0]		[24.0]		[18.0]		[27.0]		[27.0]		[24.0]		[24.0]		[24.0]		[24.0]		[24.0]		[24.0]		[92.0]		[92.0]		[95.0]		[92.0]		[92.0]		[92.0]		[92.0]		[92.0]		[95.0]		[92.0]		[92.0]		[92.0]		[92.0]	describedBy
	[21.0]		[18.0]		[24.0]		[18.0]		[18.0]		[21.0]		[21.0]		[24.0]		[18.0]		[27.0]		[27.0]		[24.0]		[24.0]		[24.0]		[24.0]		[24.0]		[24.0]		[92.0]		[92.0]		[92.0]		[92.0]		[92.0]		[92.0]		[92.0]		[92.0]		[92.0]		[92.0]		[92.0]		[92.0]		[92.0]	selects
	[21.0]		[18.0]		[24.0]		[18.0]		[18.0]		[21.0]		[21.0]		[24.0]		[18.0]		[27.0]		[27.0]		[24.0]		[24.0]		[24.0]		[24.0]		[24.0]		[24.0]		[92.0]		[92.0]		[92.0]		[92.0]		[92.0]		[92.0]		[92.0]		[92.0]		[92.0]		[92.0]		[92.0]		[92.0]		[92.0]	organizedBy
	[21.0]		[18.0]		[24.0]		[18.0]		[18.0]		[21.0]		[21.0]		[24.0]		[18.0]		[27.0]		[27.0]		[24.0]		[24.0]		[24.0]		[24.0]		[24.0]		[24.0]		[92.0]		[92.0]		[92.0]		[92.0]		[92.0]		[92.0]		[92.0]		[92.0]		[92.0]		[92.0]		[92.0]		[92.0]		[92.0]	selectedBy
	[21.0]		[18.0]		[24.0]		[18.0]		[18.0]		[21.0]		[21.0]		[24.0]		[20.0]		[27.0]		[27.0]		[24.0]		[24.0]		[24.0]		[24.0]		[24.0]		[24.0]		[92.0]		[92.0]		[92.0]		[92.0]		[92.0]		[92.0]		[92.0]		[92.0]		[92.0]		[92.0]		[92.0]		[94.0]		[92.0]	constituents
	[21.0]		[18.0]		[24.0]		[18.0]		[18.0]		[21.0]		[21.0]		[24.0]		[18.0]		[27.0]		[27.0]		[24.0]		[24.0]		[24.0]		[24.0]		[24.0]		[24.0]		[92.0]		[92.0]		[92.0]		[92.0]		[92.0]		[92.0]		[92.0]		[92.0]		[92.0]		[92.0]		[92.0]		[92.0]		[92.0]	conformsTo
	[21.0]		[18.0]		[24.0]		[18.0]		[18.0]		[21.0]		[21.0]		[24.0]		[18.0]		[27.0]		[30.0]		[24.0]		[24.0]		[24.0]		[24.0]		[24.0]		[24.0]		[92.0]		[92.0]		[92.0]		[92.0]		[92.0]		[92.0]		[92.0]		[92.0]		[92.0]		[92.0]		[92.0]		[92.0]		[92.0]	defines
	[21.0]		[18.0]		[24.0]		[18.0]		[18.0]		[21.0]		[21.0]		[24.0]		[18.0]		[27.0]		[27.0]		[24.0]		[24.0]		[24.0]		[24.0]		[24.0]		[24.0]		[92.0]		[92.0]		[92.0]		[92.0]		[92.0]		[92.0]		[92.0]		[92.0]		[92.0]		[92.0]		[92.0]		[92.0]		[92.0]	views
	[23.0]		[18.0]		[24.0]		[18.0]		[18.0]		[21.0]		[21.0]		[24.0]		[18.0]		[27.0]		[27.0]		[24.0]		[24.0]		[24.0]		[24.0]		[24.0]		[24.0]		[92.0]		[92.0]		[92.0]		[92.0]		[92.0]		[92.0]		[92.0]		[92.0]		[92.0]		[92.0]		[92.0]		[92.0]		[92.0]	isProjectedOnto
	[21.0]		[18.0]		[24.0]		[18.0]		[18.0]		[21.0]		[21.0]		[24.0]		[18.0]		[27.0]		[27.0]		[24.0]		[24.0]		[24.0]		[24.0]		[24.0]		[24.0]		[92.0]		[92.0]		[92.0]		[92.0]		[92.0]		[92.0]		[92.0]		[92.0]		[92.0]		[92.0]		[92.0]		[94.0]		[92.0]	consistsOf
	[0.0]		[0.0]		[0.0]		[0.0]		[0.0]		[0.0]		[0.0]		[0.0]		[0.0]		[0.0]		[0.0]		[0.0]		[0.0]		[0.0]		[0.0]		[0.0]		[0.0]		[0.0]		[0.0]		[0.0]		[0.0]		[0.0]		[0.0]		[0.0]		[0.0]		[0.0]		[0.0]		[0.0]		[0.0]		[0.0]	slack_0
	[0.0]		[0.0]		[0.0]		[0.0]		[0.0]		[0.0]		[0.0]		[0.0]		[0.0]		[0.0]		[0.0]		[0.0]		[0.0]		[0.0]		[0.0]		[0.0]		[0.0]		[0.0]		[0.0]		[0.0]		[0.0]		[0.0]		[0.0]		[0.0]		[0.0]		[0.0]		[0.0]		[0.0]		[0.0]		[0.0]	slack_1
	[0.0]		[0.0]		[0.0]		[0.0]		[0.0]		[0.0]		[0.0]		[0.0]		[0.0]		[0.0]		[0.0]		[0.0]		[0.0]		[0.0]		[0.0]		[0.0]		[0.0]		[0.0]		[0.0]		[0.0]		[0.0]		[0.0]		[0.0]		[0.0]		[0.0]		[0.0]		[0.0]		[0.0]		[0.0]		[0.0]	slack_2
	[0.0]		[0.0]		[0.0]		[0.0]		[0.0]		[0.0]		[0.0]		[0.0]		[0.0]		[0.0]		[0.0]		[0.0]		[0.0]		[0.0]		[0.0]		[0.0]		[0.0]		[0.0]		[0.0]		[0.0]		[0.0]		[0.0]		[0.0]		[0.0]		[0.0]		[0.0]		[0.0]		[0.0]		[0.0]		[0.0]	slack_3
	[0.0]		[0.0]		[0.0]		[0.0]		[0.0]		[0.0]		[0.0]		[0.0]		[0.0]		[0.0]		[0.0]		[0.0]		[0.0]		[0.0]		[0.0]		[0.0]		[0.0]		[0.0]		[0.0]		[0.0]		[0.0]		[0.0]		[0.0]		[0.0]		[0.0]		[0.0]		[0.0]		[0.0]		[0.0]		[0.0]	slack_4
	[0.0]		[0.0]		[0.0]		[0.0]		[0.0]		[0.0]		[0.0]		[0.0]		[0.0]		[0.0]		[0.0]		[0.0]		[0.0]		[0.0]		[0.0]		[0.0]		[0.0]		[0.0]		[0.0]		[0.0]		[0.0]		[0.0]		[0.0]		[0.0]		[0.0]		[0.0]		[0.0]		[0.0]		[0.0]		[0.0]	slack_5
	[0.0]		[0.0]		[0.0]		[0.0]		[0.0]		[0.0]		[0.0]		[0.0]		[0.0]		[0.0]		[0.0]		[0.0]		[0.0]		[0.0]		[0.0]		[0.0]		[0.0]		[0.0]		[0.0]		[0.0]		[0.0]		[0.0]		[0.0]		[0.0]		[0.0]		[0.0]		[0.0]		[0.0]		[0.0]		[0.0]	slack_6
	[0.0]		[0.0]		[0.0]		[0.0]		[0.0]		[0.0]		[0.0]		[0.0]		[0.0]		[0.0]		[0.0]		[0.0]		[0.0]		[0.0]		[0.0]		[0.0]		[0.0]		[0.0]		[0.0]		[0.0]		[0.0]		[0.0]		[0.0]		[0.0]		[0.0]		[0.0]		[0.0]		[0.0]		[0.0]		[0.0]	slack_7
	[0.0]		[0.0]		[0.0]		[0.0]		[0.0]		[0.0]		[0.0]		[0.0]		[0.0]		[0.0]		[0.0]		[0.0]		[0.0]		[0.0]		[0.0]		[0.0]		[0.0]		[0.0]		[0.0]		[0.0]		[0.0]		[0.0]		[0.0]		[0.0]		[0.0]		[0.0]		[0.0]		[0.0]		[0.0]		[0.0]	slack_8
	[0.0]		[0.0]		[0.0]		[0.0]		[0.0]		[0.0]		[0.0]		[0.0]		[0.0]		[0.0]		[0.0]		[0.0]		[0.0]		[0.0]		[0.0]		[0.0]		[0.0]		[0.0]		[0.0]		[0.0]		[0.0]		[0.0]		[0.0]		[0.0]		[0.0]		[0.0]		[0.0]		[0.0]		[0.0]		[0.0]	slack_9
	[0.0]		[0.0]		[0.0]		[0.0]		[0.0]		[0.0]		[0.0]		[0.0]		[0.0]		[0.0]		[0.0]		[0.0]		[0.0]		[0.0]		[0.0]		[0.0]		[0.0]		[0.0]		[0.0]		[0.0]		[0.0]		[0.0]		[0.0]		[0.0]		[0.0]		[0.0]		[0.0]		[0.0]		[0.0]		[0.0]	slack_10
	[0.0]		[0.0]		[0.0]		[0.0]		[0.0]		[0.0]		[0.0]		[0.0]		[0.0]		[0.0]		[0.0]		[0.0]		[0.0]		[0.0]		[0.0]		[0.0]		[0.0]		[0.0]		[0.0]		[0.0]		[0.0]		[0.0]		[0.0]		[0.0]		[0.0]		[0.0]		[0.0]		[0.0]		[0.0]		[0.0]	slack_11
	[0.0]		[0.0]		[0.0]		[0.0]		[0.0]		[0.0]		[0.0]		[0.0]		[0.0]		[0.0]		[0.0]		[0.0]		[0.0]		[0.0]		[0.0]		[0.0]		[0.0]		[0.0]		[0.0]		[0.0]		[0.0]		[0.0]		[0.0]		[0.0]		[0.0]		[0.0]		[0.0]		[0.0]		[0.0]		[0.0]	slack_12
	[0.0]		[0.0]		[0.0]		[0.0]		[0.0]		[0.0]		[0.0]		[0.0]		[0.0]		[0.0]		[0.0]		[0.0]		[0.0]		[0.0]		[0.0]		[0.0]		[0.0]		[0.0]		[0.0]		[0.0]		[0.0]		[0.0]		[0.0]		[0.0]		[0.0]		[0.0]		[0.0]		[0.0]		[0.0]		[0.0]	slack_13
	AWKProgram		File		Record		Field		Script		Rule		Pattern		Action		Instruction		InitialRule		FinalRule		name		name		value		name		regularExpression		value		input		output		script		records		r_file		fields		f_record		rules		r_script		pattern		action		instructions		i_action	
matching: { 
	ArchitectureViewPoint------(91.0)----------Record  
	ArchitectureView------(88.0)----------Rule  
	describedBy------(95.0)----------r_script  
	views------(92.0)----------pattern  
	defines------(92.0)----------action  
	conformsTo------(92.0)----------i_action  
	constituents------(94.0)----------instructions  
	consistsOf------(92.0)----------input  
	isProjectedOnto------(92.0)----------output  
	organizedBy------(92.0)----------script  
	selects------(92.0)----------records  
	slack_3------(0.0)----------r_file  
	selectedBy------(92.0)----------fields  
	slack_2------(0.0)----------f_record  
	slack_1------(0.0)----------rules  
	slack_5------(0.0)----------AWKProgram  
	slack_0------(0.0)----------File  
	slack_13------(0.0)----------Field  
	ArchitectureDescription------(92.0)----------Action  
	MainView------(85.0)----------Instruction  
	slack_10------(0.0)----------name  
	slack_9------(0.0)----------value  
	slack_8------(0.0)----------name  
	slack_7------(0.0)----------regularExpression  
	slack_6------(0.0)----------value  
	slack_4------(0.0)----------Script  
	slack_12------(0.0)----------Pattern  
	Architecture------(86.0)----------InitialRule  
	ModelElement------(86.0)----------FinalRule  
	slack_11------(0.0)----------name  } 
Score (structural): 0,48