
33 X 33
	[77.0]		[88.0]		[80.0]		[85.0]		[91.0]		[82.0]		[24.0]		[24.0]		[24.0]		[24.0]		[24.0]		[24.0]		[24.0]		[24.0]		[24.0]		[24.0]		[24.0]		[24.0]		[24.0]		[24.0]		[24.0]		[24.0]		[0.0]		[0.0]		[0.0]		[0.0]		[0.0]		[0.0]		[0.0]		[0.0]		[0.0]		[0.0]		[0.0]	Viewpoint
	[80.0]		[86.0]		[78.0]		[82.0]		[89.0]		[85.0]		[27.0]		[27.0]		[27.0]		[27.0]		[27.0]		[27.0]		[27.0]		[27.0]		[27.0]		[27.0]		[27.0]		[27.0]		[27.0]		[27.0]		[27.0]		[27.0]		[0.0]		[0.0]		[0.0]		[0.0]		[0.0]		[0.0]		[0.0]		[0.0]		[0.0]		[0.0]		[0.0]	Concern
	[77.0]		[88.0]		[81.0]		[86.0]		[90.0]		[83.0]		[24.0]		[24.0]		[24.0]		[24.0]		[24.0]		[24.0]		[24.0]		[24.0]		[24.0]		[24.0]		[24.0]		[24.0]		[24.0]		[24.0]		[24.0]		[24.0]		[0.0]		[0.0]		[0.0]		[0.0]		[0.0]		[0.0]		[0.0]		[0.0]		[0.0]		[0.0]		[0.0]	Stakeholder
	[80.0]		[86.0]		[79.0]		[83.0]		[88.0]		[86.0]		[27.0]		[27.0]		[27.0]		[27.0]		[27.0]		[27.0]		[27.0]		[27.0]		[27.0]		[27.0]		[27.0]		[27.0]		[27.0]		[27.0]		[27.0]		[27.0]		[0.0]		[0.0]		[0.0]		[0.0]		[0.0]		[0.0]		[0.0]		[0.0]		[0.0]		[0.0]		[0.0]	ViewpointImport
	[77.0]		[89.0]		[81.0]		[84.0]		[92.0]		[82.0]		[24.0]		[24.0]		[24.0]		[24.0]		[24.0]		[24.0]		[24.0]		[24.0]		[24.0]		[24.0]		[24.0]		[24.0]		[24.0]		[24.0]		[24.0]		[24.0]		[0.0]		[0.0]		[0.0]		[0.0]		[0.0]		[0.0]		[0.0]		[0.0]		[0.0]		[0.0]		[0.0]	ViewpointDependency
	[77.0]		[88.0]		[81.0]		[86.0]		[90.0]		[85.0]		[24.0]		[24.0]		[24.0]		[24.0]		[24.0]		[24.0]		[24.0]		[24.0]		[24.0]		[24.0]		[24.0]		[24.0]		[24.0]		[24.0]		[24.0]		[26.0]		[0.0]		[0.0]		[0.0]		[0.0]		[0.0]		[0.0]		[0.0]		[0.0]		[0.0]		[0.0]		[0.0]	Process
	[77.0]		[92.0]		[81.0]		[84.0]		[92.0]		[82.0]		[24.0]		[24.0]		[24.0]		[24.0]		[24.0]		[24.0]		[24.0]		[24.0]		[24.0]		[24.0]		[24.0]		[24.0]		[24.0]		[24.0]		[24.0]		[24.0]		[0.0]		[0.0]		[0.0]		[0.0]		[0.0]		[0.0]		[0.0]		[0.0]		[0.0]		[0.0]		[0.0]	Technique
	[77.0]		[88.0]		[81.0]		[86.0]		[90.0]		[83.0]		[24.0]		[24.0]		[24.0]		[24.0]		[24.0]		[24.0]		[24.0]		[24.0]		[24.0]		[24.0]		[24.0]		[24.0]		[24.0]		[24.0]		[24.0]		[24.0]		[0.0]		[0.0]		[0.0]		[0.0]		[0.0]		[0.0]		[0.0]		[0.0]		[0.0]		[0.0]		[0.0]	AnalysisMethod
	[82.0]		[83.0]		[76.0]		[80.0]		[85.0]		[83.0]		[24.0]		[24.0]		[24.0]		[24.0]		[24.0]		[24.0]		[24.0]		[24.0]		[24.0]		[24.0]		[24.0]		[24.0]		[24.0]		[24.0]		[24.0]		[24.0]		[0.0]		[0.0]		[0.0]		[0.0]		[0.0]		[0.0]		[0.0]		[0.0]		[0.0]		[0.0]		[0.0]	ArchitecturalConstruct
	[77.0]		[83.0]		[82.0]		[79.0]		[85.0]		[77.0]		[18.0]		[18.0]		[18.0]		[18.0]		[18.0]		[18.0]		[18.0]		[18.0]		[18.0]		[18.0]		[18.0]		[18.0]		[18.0]		[18.0]		[18.0]		[18.0]		[0.0]		[0.0]		[0.0]		[0.0]		[0.0]		[0.0]		[0.0]		[0.0]		[0.0]		[0.0]		[0.0]	Rule
	[81.0]		[86.0]		[80.0]		[77.0]		[83.0]		[81.0]		[29.0]		[27.0]		[27.0]		[27.0]		[27.0]		[27.0]		[27.0]		[27.0]		[27.0]		[27.0]		[27.0]		[27.0]		[27.0]		[27.0]		[27.0]		[28.0]		[0.0]		[0.0]		[0.0]		[0.0]		[0.0]		[0.0]		[0.0]		[0.0]		[0.0]		[0.0]		[0.0]	ModelOrganization
	[85.0]		[89.0]		[77.0]		[80.0]		[86.0]		[83.0]		[30.0]		[30.0]		[30.0]		[30.0]		[30.0]		[30.0]		[30.0]		[30.0]		[30.0]		[30.0]		[30.0]		[30.0]		[30.0]		[30.0]		[30.0]		[30.0]		[0.0]		[0.0]		[0.0]		[0.0]		[0.0]		[0.0]		[0.0]		[0.0]		[0.0]		[0.0]		[0.0]	ModellingRule
	[77.0]		[83.0]		[81.0]		[79.0]		[85.0]		[82.0]		[24.0]		[24.0]		[24.0]		[24.0]		[24.0]		[24.0]		[24.0]		[24.0]		[24.0]		[24.0]		[24.0]		[24.0]		[24.0]		[24.0]		[24.0]		[24.0]		[0.0]		[0.0]		[0.0]		[0.0]		[0.0]		[0.0]		[0.0]		[0.0]		[0.0]		[0.0]		[0.0]	Language
	[77.0]		[89.0]		[83.0]		[79.0]		[86.0]		[77.0]		[24.0]		[24.0]		[24.0]		[24.0]		[24.0]		[24.0]		[24.0]		[24.0]		[24.0]		[24.0]		[24.0]		[24.0]		[24.0]		[24.0]		[24.0]		[24.0]		[0.0]		[0.0]		[0.0]		[0.0]		[0.0]		[0.0]		[0.0]		[0.0]		[0.0]		[0.0]		[0.0]	Mapping
	[80.0]		[86.0]		[80.0]		[77.0]		[83.0]		[80.0]		[27.0]		[27.0]		[29.0]		[27.0]		[27.0]		[27.0]		[27.0]		[27.0]		[27.0]		[27.0]		[27.0]		[27.0]		[27.0]		[27.0]		[27.0]		[27.0]		[0.0]		[0.0]		[0.0]		[0.0]		[0.0]		[0.0]		[0.0]		[0.0]		[0.0]		[0.0]		[0.0]	Pattern
	[21.0]		[27.0]		[15.0]		[18.0]		[24.0]		[21.0]		[24.0]		[24.0]		[24.0]		[24.0]		[24.0]		[24.0]		[24.0]		[24.0]		[24.0]		[92.0]		[92.0]		[92.0]		[92.0]		[92.0]		[92.0]		[92.0]		[0.0]		[0.0]		[0.0]		[0.0]		[0.0]		[0.0]		[0.0]		[0.0]		[0.0]		[0.0]		[0.0]	source
	[21.0]		[27.0]		[15.0]		[18.0]		[24.0]		[21.0]		[24.0]		[24.0]		[24.0]		[24.0]		[24.0]		[24.0]		[24.0]		[24.0]		[24.0]		[92.0]		[92.0]		[92.0]		[92.0]		[92.0]		[92.0]		[92.0]		[0.0]		[0.0]		[0.0]		[0.0]		[0.0]		[0.0]		[0.0]		[0.0]		[0.0]		[0.0]		[0.0]	covers
	[21.0]		[27.0]		[15.0]		[18.0]		[24.0]		[21.0]		[24.0]		[24.0]		[24.0]		[24.0]		[24.0]		[24.0]		[24.0]		[24.0]		[24.0]		[92.0]		[92.0]		[92.0]		[92.0]		[92.0]		[92.0]		[92.0]		[0.0]		[0.0]		[0.0]		[0.0]		[0.0]		[0.0]		[0.0]		[0.0]		[0.0]		[0.0]		[0.0]	supplierDependency
	[23.0]		[27.0]		[17.0]		[18.0]		[24.0]		[21.0]		[24.0]		[26.0]		[26.0]		[24.0]		[24.0]		[24.0]		[24.0]		[24.0]		[24.0]		[94.0]		[92.0]		[92.0]		[92.0]		[94.0]		[94.0]		[92.0]		[0.0]		[0.0]		[0.0]		[0.0]		[0.0]		[0.0]		[0.0]		[0.0]		[0.0]		[0.0]		[0.0]	clientDependency
	[21.0]		[27.0]		[15.0]		[18.0]		[24.0]		[21.0]		[24.0]		[24.0]		[24.0]		[24.0]		[24.0]		[24.0]		[24.0]		[24.0]		[24.0]		[92.0]		[92.0]		[92.0]		[92.0]		[92.0]		[92.0]		[92.0]		[0.0]		[0.0]		[0.0]		[0.0]		[0.0]		[0.0]		[0.0]		[0.0]		[0.0]		[0.0]		[0.0]	isImportTo
	[21.0]		[27.0]		[15.0]		[18.0]		[24.0]		[21.0]		[24.0]		[24.0]		[24.0]		[24.0]		[24.0]		[24.0]		[24.0]		[24.0]		[24.0]		[92.0]		[92.0]		[92.0]		[92.0]		[92.0]		[92.0]		[92.0]		[0.0]		[0.0]		[0.0]		[0.0]		[0.0]		[0.0]		[0.0]		[0.0]		[0.0]		[0.0]		[0.0]	architecturalConstruct
	[21.0]		[27.0]		[15.0]		[18.0]		[24.0]		[23.0]		[24.0]		[24.0]		[24.0]		[24.0]		[24.0]		[24.0]		[24.0]		[24.0]		[24.0]		[92.0]		[92.0]		[92.0]		[92.0]		[92.0]		[92.0]		[94.0]		[0.0]		[0.0]		[0.0]		[0.0]		[0.0]		[0.0]		[0.0]		[0.0]		[0.0]		[0.0]		[0.0]	process
	[21.0]		[27.0]		[15.0]		[18.0]		[24.0]		[21.0]		[24.0]		[24.0]		[24.0]		[24.0]		[24.0]		[24.0]		[24.0]		[24.0]		[24.0]		[92.0]		[92.0]		[92.0]		[92.0]		[92.0]		[92.0]		[92.0]		[0.0]		[0.0]		[0.0]		[0.0]		[0.0]		[0.0]		[0.0]		[0.0]		[0.0]		[0.0]		[0.0]	concerns
	[21.0]		[27.0]		[15.0]		[18.0]		[24.0]		[21.0]		[24.0]		[24.0]		[24.0]		[24.0]		[24.0]		[24.0]		[24.0]		[24.0]		[24.0]		[92.0]		[92.0]		[92.0]		[92.0]		[92.0]		[92.0]		[92.0]		[0.0]		[0.0]		[0.0]		[0.0]		[0.0]		[0.0]		[0.0]		[0.0]		[0.0]		[0.0]		[0.0]	supplier
	[23.0]		[27.0]		[19.0]		[18.0]		[24.0]		[21.0]		[24.0]		[26.0]		[26.0]		[24.0]		[24.0]		[24.0]		[24.0]		[24.0]		[24.0]		[95.0]		[92.0]		[92.0]		[92.0]		[96.0]		[96.0]		[92.0]		[0.0]		[0.0]		[0.0]		[0.0]		[0.0]		[0.0]		[0.0]		[0.0]		[0.0]		[0.0]		[0.0]	client
	[21.0]		[27.0]		[15.0]		[18.0]		[24.0]		[21.0]		[24.0]		[24.0]		[24.0]		[24.0]		[24.0]		[24.0]		[24.0]		[24.0]		[24.0]		[92.0]		[92.0]		[92.0]		[92.0]		[92.0]		[92.0]		[92.0]		[0.0]		[0.0]		[0.0]		[0.0]		[0.0]		[0.0]		[0.0]		[0.0]		[0.0]		[0.0]		[0.0]	methodology
	[21.0]		[27.0]		[15.0]		[18.0]		[24.0]		[21.0]		[24.0]		[24.0]		[24.0]		[24.0]		[24.0]		[24.0]		[24.0]		[24.0]		[24.0]		[92.0]		[92.0]		[92.0]		[92.0]		[92.0]		[92.0]		[92.0]		[0.0]		[0.0]		[0.0]		[0.0]		[0.0]		[0.0]		[0.0]		[0.0]		[0.0]		[0.0]		[0.0]	methods
	[21.0]		[27.0]		[15.0]		[18.0]		[24.0]		[21.0]		[24.0]		[24.0]		[24.0]		[24.0]		[24.0]		[24.0]		[24.0]		[24.0]		[24.0]		[95.0]		[92.0]		[92.0]		[92.0]		[92.0]		[92.0]		[92.0]		[0.0]		[0.0]		[0.0]		[0.0]		[0.0]		[0.0]		[0.0]		[0.0]		[0.0]		[0.0]		[0.0]	applies
	[21.0]		[27.0]		[15.0]		[18.0]		[24.0]		[21.0]		[24.0]		[24.0]		[24.0]		[24.0]		[24.0]		[24.0]		[24.0]		[24.0]		[24.0]		[92.0]		[92.0]		[92.0]		[92.0]		[92.0]		[92.0]		[92.0]		[0.0]		[0.0]		[0.0]		[0.0]		[0.0]		[0.0]		[0.0]		[0.0]		[0.0]		[0.0]		[0.0]	analysis
	[21.0]		[29.0]		[15.0]		[18.0]		[24.0]		[21.0]		[24.0]		[24.0]		[24.0]		[24.0]		[24.0]		[24.0]		[24.0]		[24.0]		[24.0]		[92.0]		[92.0]		[92.0]		[92.0]		[92.0]		[92.0]		[92.0]		[0.0]		[0.0]		[0.0]		[0.0]		[0.0]		[0.0]		[0.0]		[0.0]		[0.0]		[0.0]		[0.0]	techniques
	[21.0]		[27.0]		[15.0]		[18.0]		[24.0]		[21.0]		[24.0]		[24.0]		[24.0]		[24.0]		[24.0]		[24.0]		[24.0]		[24.0]		[24.0]		[92.0]		[92.0]		[92.0]		[92.0]		[92.0]		[92.0]		[92.0]		[0.0]		[0.0]		[0.0]		[0.0]		[0.0]		[0.0]		[0.0]		[0.0]		[0.0]		[0.0]		[0.0]	guidance
	[21.0]		[27.0]		[15.0]		[18.0]		[24.0]		[21.0]		[24.0]		[24.0]		[24.0]		[24.0]		[24.0]		[24.0]		[24.0]		[24.0]		[24.0]		[92.0]		[92.0]		[92.0]		[92.0]		[92.0]		[92.0]		[92.0]		[0.0]		[0.0]		[0.0]		[0.0]		[0.0]		[0.0]		[0.0]		[0.0]		[0.0]		[0.0]		[0.0]	input
	[21.0]		[27.0]		[15.0]		[18.0]		[24.0]		[21.0]		[24.0]		[24.0]		[24.0]		[24.0]		[24.0]		[24.0]		[24.0]		[24.0]		[24.0]		[92.0]		[92.0]		[92.0]		[92.0]		[92.0]		[92.0]		[92.0]		[0.0]		[0.0]		[0.0]		[0.0]		[0.0]		[0.0]		[0.0]		[0.0]		[0.0]		[0.0]		[0.0]	ouput
	LocatedElement		Query		Entry		Field		Predicate		Expression		location		commentsBefore		commentsAfter		name		type		allFields		name		field		value		entries		predicates		fields		predicate		entry		entry		expression		slack_0		slack_1		slack_2		slack_3		slack_4		slack_5		slack_6		slack_7		slack_8		slack_9		slack_10	
matching: { 
	Mapping------(83.0)----------Entry  
	AnalysisMethod------(86.0)----------Field  
	Technique------(92.0)----------Query  
	ViewpointDependency------(92.0)----------Predicate  
	ArchitecturalConstruct------(82.0)----------LocatedElement  
	Process------(85.0)----------Expression  
	supplier------(92.0)----------fields  
	concerns------(92.0)----------predicate  
	isImportTo------(0.0)----------slack_1  
	methods------(0.0)----------slack_2  
	methodology------(0.0)----------slack_3  
	supplierDependency------(0.0)----------slack_4  
	covers------(0.0)----------slack_5  
	source------(0.0)----------slack_6  
	Language------(0.0)----------slack_7  
	Viewpoint------(0.0)----------slack_8  
	Stakeholder------(0.0)----------slack_9  
	Rule------(0.0)----------slack_10  
	process------(94.0)----------expression  
	client------(96.0)----------entry  
	architecturalConstruct------(92.0)----------entry  
	ViewpointImport------(27.0)----------type  
	input------(24.0)----------allFields  
	guidance------(24.0)----------name  
	ModellingRule------(30.0)----------field  
	Concern------(27.0)----------value  
	techniques------(0.0)----------slack_0  
	ModelOrganization------(29.0)----------location  
	Pattern------(29.0)----------commentsAfter  
	ouput------(24.0)----------name  
	clientDependency------(26.0)----------commentsBefore  
	applies------(95.0)----------entries  
	analysis------(92.0)----------predicates  } 
Score (structural): 0,43