
43 X 43
	[93.0]		[74.0]		[74.0]		[77.0]		[84.0]		[77.0]		[77.0]		[74.0]		[21.0]		[21.0]		[21.0]		[21.0]		[21.0]		[23.0]		[24.0]		[21.0]		[21.0]		[21.0]		[21.0]		[21.0]		[21.0]		[21.0]		[0.0]		[0.0]		[0.0]		[0.0]		[0.0]		[0.0]		[0.0]		[0.0]		[0.0]		[0.0]		[0.0]		[0.0]		[0.0]		[0.0]		[0.0]		[0.0]		[0.0]		[0.0]		[0.0]		[0.0]		[0.0]	LocatedElement
	[97.0]		[77.0]		[77.0]		[83.0]		[89.0]		[80.0]		[74.0]		[77.0]		[21.0]		[18.0]		[18.0]		[18.0]		[18.0]		[21.0]		[21.0]		[18.0]		[18.0]		[18.0]		[18.0]		[18.0]		[18.0]		[18.0]		[0.0]		[0.0]		[0.0]		[0.0]		[0.0]		[0.0]		[0.0]		[0.0]		[0.0]		[0.0]		[0.0]		[0.0]		[0.0]		[0.0]		[0.0]		[0.0]		[0.0]		[0.0]		[0.0]		[0.0]		[0.0]	NamedElement
	[74.0]		[100.0]		[93.0]		[83.0]		[80.0]		[89.0]		[88.0]		[92.0]		[21.0]		[21.0]		[21.0]		[21.0]		[21.0]		[21.0]		[21.0]		[24.0]		[21.0]		[29.0]		[24.0]		[21.0]		[21.0]		[21.0]		[0.0]		[0.0]		[0.0]		[0.0]		[0.0]		[0.0]		[0.0]		[0.0]		[0.0]		[0.0]		[0.0]		[0.0]		[0.0]		[0.0]		[0.0]		[0.0]		[0.0]		[0.0]		[0.0]		[0.0]		[0.0]	Database
	[74.0]		[93.0]		[98.0]		[81.0]		[80.0]		[88.0]		[87.0]		[90.0]		[21.0]		[21.0]		[21.0]		[21.0]		[21.0]		[21.0]		[21.0]		[28.0]		[21.0]		[24.0]		[29.0]		[21.0]		[21.0]		[21.0]		[0.0]		[0.0]		[0.0]		[0.0]		[0.0]		[0.0]		[0.0]		[0.0]		[0.0]		[0.0]		[0.0]		[0.0]		[0.0]		[0.0]		[0.0]		[0.0]		[0.0]		[0.0]		[0.0]		[0.0]		[0.0]	Table
	[81.0]		[91.0]		[90.0]		[86.0]		[77.0]		[86.0]		[85.0]		[89.0]		[18.0]		[18.0]		[18.0]		[18.0]		[18.0]		[21.0]		[21.0]		[21.0]		[18.0]		[20.0]		[21.0]		[18.0]		[18.0]		[18.0]		[0.0]		[0.0]		[0.0]		[0.0]		[0.0]		[0.0]		[0.0]		[0.0]		[0.0]		[0.0]		[0.0]		[0.0]		[0.0]		[0.0]		[0.0]		[0.0]		[0.0]		[0.0]		[0.0]		[0.0]		[0.0]	TableElement
	[78.0]		[84.0]		[85.0]		[92.0]		[88.0]		[87.0]		[82.0]		[84.0]		[15.0]		[15.0]		[15.0]		[15.0]		[15.0]		[15.0]		[15.0]		[15.0]		[22.0]		[15.0]		[15.0]		[15.0]		[15.0]		[15.0]		[0.0]		[0.0]		[0.0]		[0.0]		[0.0]		[0.0]		[0.0]		[0.0]		[0.0]		[0.0]		[0.0]		[0.0]		[0.0]		[0.0]		[0.0]		[0.0]		[0.0]		[0.0]		[0.0]		[0.0]		[0.0]	Column
	[78.0]		[83.0]		[81.0]		[88.0]		[81.0]		[80.0]		[79.0]		[83.0]		[12.0]		[12.0]		[14.0]		[12.0]		[12.0]		[12.0]		[12.0]		[12.0]		[12.0]		[12.0]		[12.0]		[12.0]		[12.0]		[12.0]		[0.0]		[0.0]		[0.0]		[0.0]		[0.0]		[0.0]		[0.0]		[0.0]		[0.0]		[0.0]		[0.0]		[0.0]		[0.0]		[0.0]		[0.0]		[0.0]		[0.0]		[0.0]		[0.0]		[0.0]		[0.0]	Key
	[80.0]		[86.0]		[86.0]		[77.0]		[86.0]		[89.0]		[83.0]		[86.0]		[27.0]		[27.0]		[29.0]		[27.0]		[27.0]		[27.0]		[27.0]		[27.0]		[27.0]		[27.0]		[27.0]		[27.0]		[27.0]		[27.0]		[0.0]		[0.0]		[0.0]		[0.0]		[0.0]		[0.0]		[0.0]		[0.0]		[0.0]		[0.0]		[0.0]		[0.0]		[0.0]		[0.0]		[0.0]		[0.0]		[0.0]		[0.0]		[0.0]		[0.0]		[0.0]	SimpleKey
	[80.0]		[86.0]		[86.0]		[77.0]		[86.0]		[89.0]		[83.0]		[86.0]		[27.0]		[27.0]		[34.0]		[27.0]		[27.0]		[27.0]		[27.0]		[27.0]		[27.0]		[27.0]		[27.0]		[27.0]		[27.0]		[27.0]		[0.0]		[0.0]		[0.0]		[0.0]		[0.0]		[0.0]		[0.0]		[0.0]		[0.0]		[0.0]		[0.0]		[0.0]		[0.0]		[0.0]		[0.0]		[0.0]		[0.0]		[0.0]		[0.0]		[0.0]		[0.0]	PrimaryKey
	[74.0]		[90.0]		[92.0]		[81.0]		[80.0]		[88.0]		[88.0]		[90.0]		[21.0]		[21.0]		[23.0]		[21.0]		[21.0]		[21.0]		[21.0]		[21.0]		[21.0]		[21.0]		[21.0]		[21.0]		[21.0]		[21.0]		[0.0]		[0.0]		[0.0]		[0.0]		[0.0]		[0.0]		[0.0]		[0.0]		[0.0]		[0.0]		[0.0]		[0.0]		[0.0]		[0.0]		[0.0]		[0.0]		[0.0]		[0.0]		[0.0]		[0.0]		[0.0]	ForeignKey
	[81.0]		[83.0]		[82.0]		[84.0]		[87.0]		[80.0]		[79.0]		[83.0]		[18.0]		[26.0]		[18.0]		[18.0]		[18.0]		[18.0]		[18.0]		[18.0]		[18.0]		[18.0]		[18.0]		[18.0]		[18.0]		[18.0]		[0.0]		[0.0]		[0.0]		[0.0]		[0.0]		[0.0]		[0.0]		[0.0]		[0.0]		[0.0]		[0.0]		[0.0]		[0.0]		[0.0]		[0.0]		[0.0]		[0.0]		[0.0]		[0.0]		[0.0]		[0.0]	Type
	[76.0]		[91.0]		[91.0]		[82.0]		[80.0]		[88.0]		[87.0]		[91.0]		[24.0]		[21.0]		[21.0]		[21.0]		[21.0]		[21.0]		[21.0]		[21.0]		[21.0]		[21.0]		[21.0]		[21.0]		[21.0]		[21.0]		[0.0]		[0.0]		[0.0]		[0.0]		[0.0]		[0.0]		[0.0]		[0.0]		[0.0]		[0.0]		[0.0]		[0.0]		[0.0]		[0.0]		[0.0]		[0.0]		[0.0]		[0.0]		[0.0]		[0.0]		[0.0]	Parameter
	[78.0]		[85.0]		[86.0]		[80.0]		[80.0]		[83.0]		[83.0]		[85.0]		[21.0]		[21.0]		[21.0]		[21.0]		[24.0]		[21.0]		[21.0]		[21.0]		[21.0]		[21.0]		[21.0]		[21.0]		[21.0]		[21.0]		[0.0]		[0.0]		[0.0]		[0.0]		[0.0]		[0.0]		[0.0]		[0.0]		[0.0]		[0.0]		[0.0]		[0.0]		[0.0]		[0.0]		[0.0]		[0.0]		[0.0]		[0.0]		[0.0]		[0.0]		[0.0]	Value
	[86.0]		[80.0]		[80.0]		[81.0]		[96.0]		[83.0]		[77.0]		[80.0]		[21.0]		[21.0]		[21.0]		[21.0]		[23.0]		[21.0]		[21.0]		[21.0]		[21.0]		[21.0]		[21.0]		[21.0]		[21.0]		[21.0]		[0.0]		[0.0]		[0.0]		[0.0]		[0.0]		[0.0]		[0.0]		[0.0]		[0.0]		[0.0]		[0.0]		[0.0]		[0.0]		[0.0]		[0.0]		[0.0]		[0.0]		[0.0]		[0.0]		[0.0]		[0.0]	IntegerVal
	[80.0]		[86.0]		[86.0]		[77.0]		[86.0]		[89.0]		[83.0]		[86.0]		[27.0]		[27.0]		[27.0]		[32.0]		[29.0]		[27.0]		[27.0]		[27.0]		[27.0]		[27.0]		[27.0]		[27.0]		[27.0]		[27.0]		[0.0]		[0.0]		[0.0]		[0.0]		[0.0]		[0.0]		[0.0]		[0.0]		[0.0]		[0.0]		[0.0]		[0.0]		[0.0]		[0.0]		[0.0]		[0.0]		[0.0]		[0.0]		[0.0]		[0.0]		[0.0]	NullVal
	[86.0]		[80.0]		[80.0]		[81.0]		[92.0]		[83.0]		[77.0]		[80.0]		[21.0]		[21.0]		[21.0]		[21.0]		[23.0]		[21.0]		[21.0]		[21.0]		[21.0]		[21.0]		[21.0]		[21.0]		[21.0]		[21.0]		[0.0]		[0.0]		[0.0]		[0.0]		[0.0]		[0.0]		[0.0]		[0.0]		[0.0]		[0.0]		[0.0]		[0.0]		[0.0]		[0.0]		[0.0]		[0.0]		[0.0]		[0.0]		[0.0]		[0.0]		[0.0]	StringVal
	[21.0]		[21.0]		[21.0]		[12.0]		[21.0]		[24.0]		[24.0]		[21.0]		[92.0]		[92.0]		[92.0]		[92.0]		[92.0]		[92.0]		[92.0]		[24.0]		[24.0]		[24.0]		[24.0]		[24.0]		[24.0]		[24.0]		[0.0]		[0.0]		[0.0]		[0.0]		[0.0]		[0.0]		[0.0]		[0.0]		[0.0]		[0.0]		[0.0]		[0.0]		[0.0]		[0.0]		[0.0]		[0.0]		[0.0]		[0.0]		[0.0]		[0.0]		[0.0]	location
	[23.0]		[21.0]		[21.0]		[12.0]		[21.0]		[24.0]		[24.0]		[21.0]		[92.0]		[92.0]		[92.0]		[92.0]		[92.0]		[96.0]		[94.0]		[24.0]		[24.0]		[24.0]		[24.0]		[24.0]		[24.0]		[24.0]		[0.0]		[0.0]		[0.0]		[0.0]		[0.0]		[0.0]		[0.0]		[0.0]		[0.0]		[0.0]		[0.0]		[0.0]		[0.0]		[0.0]		[0.0]		[0.0]		[0.0]		[0.0]		[0.0]		[0.0]		[0.0]	commentsBefore
	[23.0]		[21.0]		[21.0]		[12.0]		[21.0]		[24.0]		[24.0]		[21.0]		[92.0]		[92.0]		[92.0]		[92.0]		[92.0]		[96.0]		[94.0]		[24.0]		[24.0]		[24.0]		[24.0]		[24.0]		[24.0]		[24.0]		[0.0]		[0.0]		[0.0]		[0.0]		[0.0]		[0.0]		[0.0]		[0.0]		[0.0]		[0.0]		[0.0]		[0.0]		[0.0]		[0.0]		[0.0]		[0.0]		[0.0]		[0.0]		[0.0]		[0.0]		[0.0]	commentsAfter
	[24.0]		[21.0]		[21.0]		[12.0]		[21.0]		[24.0]		[24.0]		[21.0]		[100.0]		[92.0]		[92.0]		[92.0]		[92.0]		[92.0]		[92.0]		[24.0]		[24.0]		[24.0]		[24.0]		[24.0]		[24.0]		[24.0]		[0.0]		[0.0]		[0.0]		[0.0]		[0.0]		[0.0]		[0.0]		[0.0]		[0.0]		[0.0]		[0.0]		[0.0]		[0.0]		[0.0]		[0.0]		[0.0]		[0.0]		[0.0]		[0.0]		[0.0]		[0.0]	name
	[24.0]		[21.0]		[21.0]		[12.0]		[21.0]		[24.0]		[24.0]		[21.0]		[100.0]		[92.0]		[92.0]		[92.0]		[92.0]		[92.0]		[92.0]		[24.0]		[24.0]		[24.0]		[24.0]		[24.0]		[24.0]		[24.0]		[0.0]		[0.0]		[0.0]		[0.0]		[0.0]		[0.0]		[0.0]		[0.0]		[0.0]		[0.0]		[0.0]		[0.0]		[0.0]		[0.0]		[0.0]		[0.0]		[0.0]		[0.0]		[0.0]		[0.0]		[0.0]	name
	[21.0]		[21.0]		[21.0]		[12.0]		[21.0]		[26.0]		[27.0]		[24.0]		[92.0]		[92.0]		[92.0]		[96.0]		[92.0]		[92.0]		[92.0]		[24.0]		[24.0]		[24.0]		[24.0]		[27.0]		[27.0]		[27.0]		[0.0]		[0.0]		[0.0]		[0.0]		[0.0]		[0.0]		[0.0]		[0.0]		[0.0]		[0.0]		[0.0]		[0.0]		[0.0]		[0.0]		[0.0]		[0.0]		[0.0]		[0.0]		[0.0]		[0.0]		[0.0]	canBeNull
	[21.0]		[21.0]		[21.0]		[12.0]		[21.0]		[24.0]		[24.0]		[21.0]		[92.0]		[92.0]		[92.0]		[92.0]		[92.0]		[92.0]		[92.0]		[24.0]		[24.0]		[24.0]		[24.0]		[24.0]		[24.0]		[24.0]		[0.0]		[0.0]		[0.0]		[0.0]		[0.0]		[0.0]		[0.0]		[0.0]		[0.0]		[0.0]		[0.0]		[0.0]		[0.0]		[0.0]		[0.0]		[0.0]		[0.0]		[0.0]		[0.0]		[0.0]		[0.0]	isUnique
	[24.0]		[21.0]		[21.0]		[12.0]		[21.0]		[24.0]		[24.0]		[21.0]		[100.0]		[92.0]		[92.0]		[92.0]		[92.0]		[92.0]		[92.0]		[24.0]		[24.0]		[24.0]		[24.0]		[24.0]		[24.0]		[24.0]		[0.0]		[0.0]		[0.0]		[0.0]		[0.0]		[0.0]		[0.0]		[0.0]		[0.0]		[0.0]		[0.0]		[0.0]		[0.0]		[0.0]		[0.0]		[0.0]		[0.0]		[0.0]		[0.0]		[0.0]		[0.0]	name
	[21.0]		[21.0]		[21.0]		[12.0]		[21.0]		[24.0]		[24.0]		[21.0]		[92.0]		[92.0]		[92.0]		[92.0]		[92.0]		[92.0]		[92.0]		[24.0]		[24.0]		[24.0]		[24.0]		[24.0]		[24.0]		[24.0]		[0.0]		[0.0]		[0.0]		[0.0]		[0.0]		[0.0]		[0.0]		[0.0]		[0.0]		[0.0]		[0.0]		[0.0]		[0.0]		[0.0]		[0.0]		[0.0]		[0.0]		[0.0]		[0.0]		[0.0]		[0.0]	length
	[21.0]		[21.0]		[21.0]		[12.0]		[21.0]		[24.0]		[24.0]		[21.0]		[92.0]		[92.0]		[92.0]		[92.0]		[92.0]		[92.0]		[92.0]		[24.0]		[24.0]		[24.0]		[24.0]		[24.0]		[24.0]		[24.0]		[0.0]		[0.0]		[0.0]		[0.0]		[0.0]		[0.0]		[0.0]		[0.0]		[0.0]		[0.0]		[0.0]		[0.0]		[0.0]		[0.0]		[0.0]		[0.0]		[0.0]		[0.0]		[0.0]		[0.0]		[0.0]	isUnsigned
	[21.0]		[21.0]		[21.0]		[12.0]		[21.0]		[24.0]		[24.0]		[21.0]		[92.0]		[92.0]		[92.0]		[92.0]		[95.0]		[92.0]		[92.0]		[24.0]		[24.0]		[24.0]		[24.0]		[24.0]		[24.0]		[24.0]		[0.0]		[0.0]		[0.0]		[0.0]		[0.0]		[0.0]		[0.0]		[0.0]		[0.0]		[0.0]		[0.0]		[0.0]		[0.0]		[0.0]		[0.0]		[0.0]		[0.0]		[0.0]		[0.0]		[0.0]		[0.0]	value
	[21.0]		[21.0]		[21.0]		[12.0]		[21.0]		[24.0]		[24.0]		[21.0]		[92.0]		[92.0]		[92.0]		[92.0]		[95.0]		[92.0]		[92.0]		[24.0]		[24.0]		[24.0]		[24.0]		[24.0]		[24.0]		[24.0]		[0.0]		[0.0]		[0.0]		[0.0]		[0.0]		[0.0]		[0.0]		[0.0]		[0.0]		[0.0]		[0.0]		[0.0]		[0.0]		[0.0]		[0.0]		[0.0]		[0.0]		[0.0]		[0.0]		[0.0]		[0.0]	value
	[21.0]		[24.0]		[28.0]		[12.0]		[21.0]		[24.0]		[24.0]		[21.0]		[24.0]		[24.0]		[24.0]		[24.0]		[24.0]		[24.0]		[24.0]		[100.0]		[92.0]		[95.0]		[99.0]		[92.0]		[92.0]		[92.0]		[0.0]		[0.0]		[0.0]		[0.0]		[0.0]		[0.0]		[0.0]		[0.0]		[0.0]		[0.0]		[0.0]		[0.0]		[0.0]		[0.0]		[0.0]		[0.0]		[0.0]		[0.0]		[0.0]		[0.0]		[0.0]	tables
	[21.0]		[29.0]		[24.0]		[12.0]		[21.0]		[24.0]		[24.0]		[21.0]		[24.0]		[24.0]		[24.0]		[24.0]		[24.0]		[24.0]		[24.0]		[95.0]		[92.0]		[100.0]		[95.0]		[92.0]		[92.0]		[92.0]		[0.0]		[0.0]		[0.0]		[0.0]		[0.0]		[0.0]		[0.0]		[0.0]		[0.0]		[0.0]		[0.0]		[0.0]		[0.0]		[0.0]		[0.0]		[0.0]		[0.0]		[0.0]		[0.0]		[0.0]		[0.0]	database
	[21.0]		[21.0]		[21.0]		[12.0]		[21.0]		[24.0]		[24.0]		[21.0]		[24.0]		[24.0]		[24.0]		[24.0]		[24.0]		[24.0]		[24.0]		[92.0]		[92.0]		[92.0]		[92.0]		[92.0]		[92.0]		[92.0]		[0.0]		[0.0]		[0.0]		[0.0]		[0.0]		[0.0]		[0.0]		[0.0]		[0.0]		[0.0]		[0.0]		[0.0]		[0.0]		[0.0]		[0.0]		[0.0]		[0.0]		[0.0]		[0.0]		[0.0]		[0.0]	referencedBy
	[26.0]		[21.0]		[21.0]		[12.0]		[21.0]		[24.0]		[24.0]		[21.0]		[24.0]		[24.0]		[24.0]		[24.0]		[24.0]		[28.0]		[27.0]		[92.0]		[92.0]		[92.0]		[92.0]		[92.0]		[92.0]		[92.0]		[0.0]		[0.0]		[0.0]		[0.0]		[0.0]		[0.0]		[0.0]		[0.0]		[0.0]		[0.0]		[0.0]		[0.0]		[0.0]		[0.0]		[0.0]		[0.0]		[0.0]		[0.0]		[0.0]		[0.0]		[0.0]	elements
	[23.0]		[21.0]		[21.0]		[12.0]		[21.0]		[24.0]		[24.0]		[21.0]		[26.0]		[24.0]		[24.0]		[24.0]		[24.0]		[24.0]		[24.0]		[92.0]		[92.0]		[92.0]		[92.0]		[92.0]		[92.0]		[92.0]		[0.0]		[0.0]		[0.0]		[0.0]		[0.0]		[0.0]		[0.0]		[0.0]		[0.0]		[0.0]		[0.0]		[0.0]		[0.0]		[0.0]		[0.0]		[0.0]		[0.0]		[0.0]		[0.0]		[0.0]		[0.0]	parameters
	[21.0]		[24.0]		[29.0]		[12.0]		[21.0]		[24.0]		[24.0]		[21.0]		[24.0]		[24.0]		[24.0]		[24.0]		[24.0]		[24.0]		[24.0]		[99.0]		[92.0]		[95.0]		[100.0]		[92.0]		[92.0]		[92.0]		[0.0]		[0.0]		[0.0]		[0.0]		[0.0]		[0.0]		[0.0]		[0.0]		[0.0]		[0.0]		[0.0]		[0.0]		[0.0]		[0.0]		[0.0]		[0.0]		[0.0]		[0.0]		[0.0]		[0.0]		[0.0]	table
	[21.0]		[21.0]		[21.0]		[12.0]		[21.0]		[24.0]		[24.0]		[21.0]		[24.0]		[24.0]		[24.0]		[24.0]		[24.0]		[24.0]		[24.0]		[92.0]		[92.0]		[92.0]		[92.0]		[92.0]		[92.0]		[92.0]		[0.0]		[0.0]		[0.0]		[0.0]		[0.0]		[0.0]		[0.0]		[0.0]		[0.0]		[0.0]		[0.0]		[0.0]		[0.0]		[0.0]		[0.0]		[0.0]		[0.0]		[0.0]		[0.0]		[0.0]		[0.0]	referencedBy
	[21.0]		[21.0]		[21.0]		[12.0]		[21.0]		[24.0]		[24.0]		[21.0]		[24.0]		[32.0]		[24.0]		[24.0]		[24.0]		[24.0]		[24.0]		[92.0]		[92.0]		[92.0]		[92.0]		[92.0]		[92.0]		[92.0]		[0.0]		[0.0]		[0.0]		[0.0]		[0.0]		[0.0]		[0.0]		[0.0]		[0.0]		[0.0]		[0.0]		[0.0]		[0.0]		[0.0]		[0.0]		[0.0]		[0.0]		[0.0]		[0.0]		[0.0]		[0.0]	type
	[21.0]		[21.0]		[21.0]		[12.0]		[21.0]		[24.0]		[24.0]		[21.0]		[24.0]		[24.0]		[24.0]		[24.0]		[29.0]		[24.0]		[24.0]		[92.0]		[92.0]		[92.0]		[92.0]		[92.0]		[92.0]		[92.0]		[0.0]		[0.0]		[0.0]		[0.0]		[0.0]		[0.0]		[0.0]		[0.0]		[0.0]		[0.0]		[0.0]		[0.0]		[0.0]		[0.0]		[0.0]		[0.0]		[0.0]		[0.0]		[0.0]		[0.0]		[0.0]	default
	[21.0]		[21.0]		[21.0]		[12.0]		[21.0]		[24.0]		[24.0]		[21.0]		[24.0]		[24.0]		[26.0]		[24.0]		[24.0]		[24.0]		[24.0]		[92.0]		[92.0]		[92.0]		[92.0]		[92.0]		[92.0]		[92.0]		[0.0]		[0.0]		[0.0]		[0.0]		[0.0]		[0.0]		[0.0]		[0.0]		[0.0]		[0.0]		[0.0]		[0.0]		[0.0]		[0.0]		[0.0]		[0.0]		[0.0]		[0.0]		[0.0]		[0.0]		[0.0]	keys
	[21.0]		[21.0]		[21.0]		[19.0]		[25.0]		[29.0]		[24.0]		[21.0]		[24.0]		[24.0]		[24.0]		[24.0]		[24.0]		[24.0]		[24.0]		[92.0]		[100.0]		[92.0]		[92.0]		[92.0]		[92.0]		[92.0]		[0.0]		[0.0]		[0.0]		[0.0]		[0.0]		[0.0]		[0.0]		[0.0]		[0.0]		[0.0]		[0.0]		[0.0]		[0.0]		[0.0]		[0.0]		[0.0]		[0.0]		[0.0]		[0.0]		[0.0]		[0.0]	columns
	[21.0]		[23.0]		[24.0]		[12.0]		[21.0]		[24.0]		[24.0]		[21.0]		[24.0]		[24.0]		[24.0]		[24.0]		[24.0]		[24.0]		[24.0]		[95.0]		[92.0]		[94.0]		[95.0]		[92.0]		[92.0]		[92.0]		[0.0]		[0.0]		[0.0]		[0.0]		[0.0]		[0.0]		[0.0]		[0.0]		[0.0]		[0.0]		[0.0]		[0.0]		[0.0]		[0.0]		[0.0]		[0.0]		[0.0]		[0.0]		[0.0]		[0.0]		[0.0]	referencedTable
	[21.0]		[21.0]		[21.0]		[15.0]		[24.0]		[27.0]		[24.0]		[21.0]		[24.0]		[24.0]		[24.0]		[24.0]		[24.0]		[24.0]		[24.0]		[92.0]		[95.0]		[92.0]		[92.0]		[92.0]		[92.0]		[92.0]		[0.0]		[0.0]		[0.0]		[0.0]		[0.0]		[0.0]		[0.0]		[0.0]		[0.0]		[0.0]		[0.0]		[0.0]		[0.0]		[0.0]		[0.0]		[0.0]		[0.0]		[0.0]		[0.0]		[0.0]		[0.0]	referencedColumns
	[21.0]		[24.0]		[29.0]		[12.0]		[21.0]		[24.0]		[24.0]		[21.0]		[24.0]		[24.0]		[24.0]		[24.0]		[24.0]		[24.0]		[24.0]		[99.0]		[92.0]		[95.0]		[100.0]		[92.0]		[92.0]		[92.0]		[0.0]		[0.0]		[0.0]		[0.0]		[0.0]		[0.0]		[0.0]		[0.0]		[0.0]		[0.0]		[0.0]		[0.0]		[0.0]		[0.0]		[0.0]		[0.0]		[0.0]		[0.0]		[0.0]		[0.0]		[0.0]	table
	[21.0]		[21.0]		[21.0]		[12.0]		[21.0]		[24.0]		[24.0]		[21.0]		[24.0]		[24.0]		[24.0]		[24.0]		[27.0]		[24.0]		[24.0]		[92.0]		[92.0]		[92.0]		[92.0]		[92.0]		[92.0]		[92.0]		[0.0]		[0.0]		[0.0]		[0.0]		[0.0]		[0.0]		[0.0]		[0.0]		[0.0]		[0.0]		[0.0]		[0.0]		[0.0]		[0.0]		[0.0]		[0.0]		[0.0]		[0.0]		[0.0]		[0.0]		[0.0]	value
	NamedElement		DataBase		Table		Column		IntegerColumn		EnumColumn		EnumSet		EnumItem		name		type		isPrimaryKey		null		defaultValue		comment		isAutoIncrement		tables		columns		database		table		enumSet		enumItems		enumSet		slack_0		slack_1		slack_2		slack_3		slack_4		slack_5		slack_6		slack_7		slack_8		slack_9		slack_10		slack_11		slack_12		slack_13		slack_14		slack_15		slack_16		slack_17		slack_18		slack_19		slack_20	
matching: { 
	Column------(92.0)----------Column  
	NamedElement------(97.0)----------NamedElement  
	IntegerVal------(96.0)----------IntegerColumn  
	value------(95.0)----------defaultValue  
	value------(92.0)----------type  
	isUnique------(92.0)----------isPrimaryKey  
	Parameter------(91.0)----------EnumItem  
	Database------(100.0)----------DataBase  
	Table------(98.0)----------Table  
	ForeignKey------(88.0)----------EnumSet  
	canBeNull------(96.0)----------null  
	commentsBefore------(96.0)----------comment  
	commentsAfter------(94.0)----------isAutoIncrement  
	name------(100.0)----------name  
	PrimaryKey------(89.0)----------EnumColumn  
	columns------(100.0)----------columns  
	table------(100.0)----------table  
	tables------(100.0)----------tables  
	database------(100.0)----------database  
	value------(92.0)----------enumSet  
	table------(92.0)----------enumItems  
	referencedColumns------(92.0)----------enumSet  
	referencedTable------(0.0)----------slack_0  
	keys------(0.0)----------slack_1  
	default------(0.0)----------slack_2  
	type------(0.0)----------slack_3  
	referencedBy------(0.0)----------slack_4  
	elements------(0.0)----------slack_5  
	referencedBy------(0.0)----------slack_6  
	parameters------(0.0)----------slack_7  
	NullVal------(0.0)----------slack_8  
	SimpleKey------(0.0)----------slack_9  
	isUnsigned------(0.0)----------slack_10  
	location------(0.0)----------slack_11  
	name------(0.0)----------slack_12  
	length------(0.0)----------slack_13  
	name------(0.0)----------slack_14  
	TableElement------(0.0)----------slack_15  
	StringVal------(0.0)----------slack_16  
	Value------(0.0)----------slack_17  
	LocatedElement------(0.0)----------slack_18  
	Type------(0.0)----------slack_19  
	Key------(0.0)----------slack_20  } 
Score (structural): 0,49